0.27 0.73 0.044 0.79 0.95
-3 -6.16794
-2.999 -6.16592
-2.998 -6.1639
-2.997 -6.16188
-2.996 -6.15986
-2.995 -6.15783
-2.994 -6.15579
-2.993 -6.15376
-2.992 -6.15172
-2.991 -6.14968
-2.99 -6.14763
-2.989 -6.14559
-2.988 -6.14353
-2.987 -6.14148
-2.986 -6.13942
-2.985 -6.13736
-2.984 -6.1353
-2.983 -6.13323
-2.982 -6.13116
-2.981 -6.12909
-2.98 -6.12701
-2.979 -6.12493
-2.978 -6.12285
-2.977 -6.12076
-2.976 -6.11867
-2.975 -6.11658
-2.974 -6.11449
-2.973 -6.11239
-2.972 -6.11029
-2.971 -6.10819
-2.97 -6.10608
-2.969 -6.10397
-2.968 -6.10186
-2.967 -6.09975
-2.966 -6.09763
-2.965 -6.09551
-2.964 -6.09338
-2.963 -6.09126
-2.962 -6.08913
-2.961 -6.087
-2.96 -6.08486
-2.959 -6.08272
-2.958 -6.08058
-2.957 -6.07844
-2.956 -6.07629
-2.955 -6.07415
-2.954 -6.07199
-2.953 -6.06984
-2.952 -6.06768
-2.951 -6.06552
-2.95 -6.06336
-2.949 -6.0612
-2.948 -6.05903
-2.947 -6.05686
-2.946 -6.05469
-2.945 -6.05251
-2.944 -6.05033
-2.943 -6.04815
-2.942 -6.04597
-2.941 -6.04378
-2.94 -6.0416
-2.939 -6.03941
-2.938 -6.03721
-2.937 -6.03502
-2.936 -6.03282
-2.935 -6.03062
-2.934 -6.02841
-2.933 -6.02621
-2.932 -6.024
-2.931 -6.02179
-2.93 -6.01957
-2.929 -6.01736
-2.928 -6.01514
-2.927 -6.01292
-2.926 -6.0107
-2.925 -6.00847
-2.924 -6.00624
-2.923 -6.00401
-2.922 -6.00178
-2.921 -5.99954
-2.92 -5.9973
-2.919 -5.99506
-2.918 -5.99282
-2.917 -5.99058
-2.916 -5.98833
-2.915 -5.98608
-2.914 -5.98383
-2.913 -5.98158
-2.912 -5.97932
-2.911 -5.97706
-2.91 -5.9748
-2.909 -5.97254
-2.908 -5.97027
-2.907 -5.968
-2.906 -5.96573
-2.905 -5.96346
-2.904 -5.96118
-2.903 -5.95891
-2.902 -5.95663
-2.901 -5.95435
-2.9 -5.95206
-2.899 -5.94978
-2.898 -5.94749
-2.897 -5.9452
-2.896 -5.94291
-2.895 -5.94061
-2.894 -5.93831
-2.893 -5.93601
-2.892 -5.93371
-2.891 -5.93141
-2.89 -5.9291
-2.889 -5.9268
-2.888 -5.92449
-2.887 -5.92217
-2.886 -5.91986
-2.885 -5.91754
-2.884 -5.91522
-2.883 -5.9129
-2.882 -5.91058
-2.881 -5.90825
-2.88 -5.90593
-2.879 -5.9036
-2.878 -5.90127
-2.877 -5.89893
-2.876 -5.8966
-2.875 -5.89426
-2.874 -5.89192
-2.873 -5.88958
-2.872 -5.88723
-2.871 -5.88489
-2.87 -5.88254
-2.869 -5.88019
-2.868 -5.87784
-2.867 -5.87548
-2.866 -5.87312
-2.865 -5.87077
-2.864 -5.86841
-2.863 -5.86604
-2.862 -5.86368
-2.861 -5.86131
-2.86 -5.85894
-2.859 -5.85657
-2.858 -5.8542
-2.857 -5.85182
-2.856 -5.84945
-2.855 -5.84707
-2.854 -5.84469
-2.853 -5.84231
-2.852 -5.83992
-2.851 -5.83753
-2.85 -5.83515
-2.849 -5.83276
-2.848 -5.83036
-2.847 -5.82797
-2.846 -5.82557
-2.845 -5.82317
-2.844 -5.82077
-2.843 -5.81837
-2.842 -5.81597
-2.841 -5.81356
-2.84 -5.81116
-2.839 -5.80875
-2.838 -5.80633
-2.837 -5.80392
-2.836 -5.80151
-2.835 -5.79909
-2.834 -5.79667
-2.833 -5.79425
-2.832 -5.79183
-2.831 -5.7894
-2.83 -5.78698
-2.829 -5.78455
-2.828 -5.78212
-2.827 -5.77969
-2.826 -5.77725
-2.825 -5.77482
-2.824 -5.77238
-2.823 -5.76994
-2.822 -5.7675
-2.821 -5.76506
-2.82 -5.76262
-2.819 -5.76017
-2.818 -5.75773
-2.817 -5.75528
-2.816 -5.75283
-2.815 -5.75037
-2.814 -5.74792
-2.813 -5.74547
-2.812 -5.74301
-2.811 -5.74055
-2.81 -5.73809
-2.809 -5.73563
-2.808 -5.73316
-2.807 -5.7307
-2.806 -5.72823
-2.805 -5.72576
-2.804 -5.7233
-2.803 -5.72082
-2.802 -5.71835
-2.801 -5.71588
-2.8 -5.7134
-2.799 -5.71092
-2.798 -5.70845
-2.797 -5.70597
-2.796 -5.70348
-2.795 -5.701
-2.794 -5.69852
-2.793 -5.69603
-2.792 -5.69355
-2.791 -5.69106
-2.79 -5.68857
-2.789 -5.68608
-2.788 -5.68358
-2.787 -5.68109
-2.786 -5.67859
-2.785 -5.6761
-2.784 -5.6736
-2.783 -5.6711
-2.782 -5.6686
-2.781 -5.6661
-2.78 -5.6636
-2.779 -5.66109
-2.778 -5.65859
-2.777 -5.65608
-2.776 -5.65357
-2.775 -5.65106
-2.774 -5.64855
-2.773 -5.64604
-2.772 -5.64353
-2.771 -5.64102
-2.77 -5.6385
-2.769 -5.63599
-2.768 -5.63347
-2.767 -5.63095
-2.766 -5.62843
-2.765 -5.62591
-2.764 -5.62339
-2.763 -5.62087
-2.762 -5.61835
-2.761 -5.61582
-2.76 -5.6133
-2.759 -5.61077
-2.758 -5.60825
-2.757 -5.60572
-2.756 -5.60319
-2.755 -5.60066
-2.754 -5.59813
-2.753 -5.59559
-2.752 -5.59306
-2.751 -5.59053
-2.75 -5.58799
-2.749 -5.58546
-2.748 -5.58292
-2.747 -5.58038
-2.746 -5.57784
-2.745 -5.5753
-2.744 -5.57276
-2.743 -5.57022
-2.742 -5.56768
-2.741 -5.56514
-2.74 -5.56259
-2.739 -5.56005
-2.738 -5.5575
-2.737 -5.55496
-2.736 -5.55241
-2.735 -5.54986
-2.734 -5.54731
-2.733 -5.54476
-2.732 -5.54221
-2.731 -5.53966
-2.73 -5.53711
-2.729 -5.53456
-2.728 -5.532
-2.727 -5.52945
-2.726 -5.52689
-2.725 -5.52434
-2.724 -5.52178
-2.723 -5.51922
-2.722 -5.51666
-2.721 -5.5141
-2.72 -5.51154
-2.719 -5.50898
-2.718 -5.50642
-2.717 -5.50386
-2.716 -5.50129
-2.715 -5.49873
-2.714 -5.49616
-2.713 -5.4936
-2.712 -5.49103
-2.711 -5.48846
-2.71 -5.48589
-2.709 -5.48332
-2.708 -5.48075
-2.707 -5.47818
-2.706 -5.47561
-2.705 -5.47304
-2.704 -5.47047
-2.703 -5.46789
-2.702 -5.46532
-2.701 -5.46274
-2.7 -5.46016
-2.699 -5.45759
-2.698 -5.45501
-2.697 -5.45243
-2.696 -5.44985
-2.695 -5.44727
-2.694 -5.44469
-2.693 -5.44211
-2.692 -5.43952
-2.691 -5.43694
-2.69 -5.43435
-2.689 -5.43177
-2.688 -5.42918
-2.687 -5.4266
-2.686 -5.42401
-2.685 -5.42142
-2.684 -5.41883
-2.683 -5.41624
-2.682 -5.41365
-2.681 -5.41106
-2.68 -5.40846
-2.679 -5.40587
-2.678 -5.40328
-2.677 -5.40068
-2.676 -5.39808
-2.675 -5.39549
-2.674 -5.39289
-2.673 -5.39029
-2.672 -5.38769
-2.671 -5.38509
-2.67 -5.38249
-2.669 -5.37989
-2.668 -5.37729
-2.667 -5.37469
-2.666 -5.37208
-2.665 -5.36948
-2.664 -5.36687
-2.663 -5.36427
-2.662 -5.36166
-2.661 -5.35905
-2.66 -5.35644
-2.659 -5.35384
-2.658 -5.35123
-2.657 -5.34862
-2.656 -5.34601
-2.655 -5.34339
-2.654 -5.34078
-2.653 -5.33817
-2.652 -5.33555
-2.651 -5.33294
-2.65 -5.33033
-2.649 -5.32771
-2.648 -5.32509
-2.647 -5.32248
-2.646 -5.31986
-2.645 -5.31724
-2.644 -5.31462
-2.643 -5.312
-2.642 -5.30938
-2.641 -5.30676
-2.64 -5.30414
-2.639 -5.30152
-2.638 -5.2989
-2.637 -5.29628
-2.636 -5.29365
-2.635 -5.29103
-2.634 -5.28841
-2.633 -5.28578
-2.632 -5.28316
-2.631 -5.28053
-2.63 -5.27791
-2.629 -5.27528
-2.628 -5.27265
-2.627 -5.27003
-2.626 -5.2674
-2.625 -5.26477
-2.624 -5.26214
-2.623 -5.25951
-2.622 -5.25688
-2.621 -5.25425
-2.62 -5.25162
-2.619 -5.24899
-2.618 -5.24636
-2.617 -5.24373
-2.616 -5.2411
-2.615 -5.23847
-2.614 -5.23584
-2.613 -5.2332
-2.612 -5.23057
-2.611 -5.22794
-2.61 -5.2253
-2.609 -5.22267
-2.608 -5.22003
-2.607 -5.2174
-2.606 -5.21477
-2.605 -5.21213
-2.604 -5.2095
-2.603 -5.20686
-2.602 -5.20422
-2.601 -5.20159
-2.6 -5.19895
-2.599 -5.19631
-2.598 -5.19368
-2.597 -5.19104
-2.596 -5.1884
-2.595 -5.18576
-2.594 -5.18312
-2.593 -5.18049
-2.592 -5.17785
-2.591 -5.17521
-2.59 -5.17257
-2.589 -5.16993
-2.588 -5.16729
-2.587 -5.16465
-2.586 -5.16201
-2.585 -5.15936
-2.584 -5.15672
-2.583 -5.15408
-2.582 -5.15144
-2.581 -5.1488
-2.58 -5.14615
-2.579 -5.14351
-2.578 -5.14087
-2.577 -5.13822
-2.576 -5.13558
-2.575 -5.13293
-2.574 -5.13029
-2.573 -5.12764
-2.572 -5.125
-2.571 -5.12235
-2.57 -5.1197
-2.569 -5.11706
-2.568 -5.11441
-2.567 -5.11176
-2.566 -5.10912
-2.565 -5.10647
-2.564 -5.10382
-2.563 -5.10117
-2.562 -5.09852
-2.561 -5.09587
-2.56 -5.09322
-2.559 -5.09057
-2.558 -5.08792
-2.557 -5.08527
-2.556 -5.08261
-2.555 -5.07996
-2.554 -5.07731
-2.553 -5.07466
-2.552 -5.072
-2.551 -5.06935
-2.55 -5.06669
-2.549 -5.06404
-2.548 -5.06139
-2.547 -5.05873
-2.546 -5.05607
-2.545 -5.05342
-2.544 -5.05076
-2.543 -5.04811
-2.542 -5.04545
-2.541 -5.04279
-2.54 -5.04013
-2.539 -5.03748
-2.538 -5.03482
-2.537 -5.03216
-2.536 -5.0295
-2.535 -5.02684
-2.534 -5.02418
-2.533 -5.02152
-2.532 -5.01886
-2.531 -5.0162
-2.53 -5.01354
-2.529 -5.01088
-2.528 -5.00822
-2.527 -5.00556
-2.526 -5.00289
-2.525 -5.00023
-2.524 -4.99757
-2.523 -4.99491
-2.522 -4.99225
-2.521 -4.98958
-2.52 -4.98692
-2.519 -4.98426
-2.518 -4.9816
-2.517 -4.97893
-2.516 -4.97627
-2.515 -4.97361
-2.514 -4.97094
-2.513 -4.96828
-2.512 -4.96561
-2.511 -4.96295
-2.51 -4.96029
-2.509 -4.95762
-2.508 -4.95496
-2.507 -4.95229
-2.506 -4.94963
-2.505 -4.94696
-2.504 -4.9443
-2.503 -4.94163
-2.502 -4.93897
-2.501 -4.9363
-2.5 -4.93364
-2.499 -4.93097
-2.498 -4.92831
-2.497 -4.92564
-2.496 -4.92298
-2.495 -4.92031
-2.494 -4.91765
-2.493 -4.91498
-2.492 -4.91231
-2.491 -4.90965
-2.49 -4.90698
-2.489 -4.90432
-2.488 -4.90165
-2.487 -4.89898
-2.486 -4.89632
-2.485 -4.89365
-2.484 -4.89098
-2.483 -4.88832
-2.482 -4.88565
-2.481 -4.88298
-2.48 -4.88032
-2.479 -4.87765
-2.478 -4.87498
-2.477 -4.87231
-2.476 -4.86964
-2.475 -4.86698
-2.474 -4.86431
-2.473 -4.86164
-2.472 -4.85897
-2.471 -4.8563
-2.47 -4.85363
-2.469 -4.85096
-2.468 -4.84829
-2.467 -4.84562
-2.466 -4.84295
-2.465 -4.84028
-2.464 -4.83761
-2.463 -4.83494
-2.462 -4.83227
-2.461 -4.8296
-2.46 -4.82693
-2.459 -4.82426
-2.458 -4.82158
-2.457 -4.81891
-2.456 -4.81624
-2.455 -4.81357
-2.454 -4.81089
-2.453 -4.80822
-2.452 -4.80555
-2.451 -4.80288
-2.45 -4.8002
-2.449 -4.79753
-2.448 -4.79485
-2.447 -4.79218
-2.446 -4.78951
-2.445 -4.78683
-2.444 -4.78416
-2.443 -4.78148
-2.442 -4.77881
-2.441 -4.77613
-2.44 -4.77346
-2.439 -4.77079
-2.438 -4.76811
-2.437 -4.76544
-2.436 -4.76276
-2.435 -4.76008
-2.434 -4.75741
-2.433 -4.75473
-2.432 -4.75206
-2.431 -4.74938
-2.43 -4.74671
-2.429 -4.74403
-2.428 -4.74136
-2.427 -4.73868
-2.426 -4.73601
-2.425 -4.73333
-2.424 -4.73065
-2.423 -4.72798
-2.422 -4.7253
-2.421 -4.72263
-2.42 -4.71995
-2.419 -4.71728
-2.418 -4.7146
-2.417 -4.71193
-2.416 -4.70925
-2.415 -4.70658
-2.414 -4.7039
-2.413 -4.70122
-2.412 -4.69855
-2.411 -4.69587
-2.41 -4.6932
-2.409 -4.69052
-2.408 -4.68785
-2.407 -4.68517
-2.406 -4.6825
-2.405 -4.67982
-2.404 -4.67714
-2.403 -4.67447
-2.402 -4.67179
-2.401 -4.66912
-2.4 -4.66644
-2.399 -4.66376
-2.398 -4.66109
-2.397 -4.65841
-2.396 -4.65574
-2.395 -4.65306
-2.394 -4.65038
-2.393 -4.64771
-2.392 -4.64503
-2.391 -4.64235
-2.39 -4.63968
-2.389 -4.637
-2.388 -4.63432
-2.387 -4.63165
-2.386 -4.62897
-2.385 -4.62629
-2.384 -4.62361
-2.383 -4.62094
-2.382 -4.61826
-2.381 -4.61558
-2.38 -4.61291
-2.379 -4.61023
-2.378 -4.60755
-2.377 -4.60487
-2.376 -4.60219
-2.375 -4.59952
-2.374 -4.59684
-2.373 -4.59416
-2.372 -4.59148
-2.371 -4.5888
-2.37 -4.58612
-2.369 -4.58345
-2.368 -4.58077
-2.367 -4.57809
-2.366 -4.57541
-2.365 -4.57273
-2.364 -4.57005
-2.363 -4.56737
-2.362 -4.5647
-2.361 -4.56202
-2.36 -4.55934
-2.359 -4.55666
-2.358 -4.55398
-2.357 -4.5513
-2.356 -4.54862
-2.355 -4.54594
-2.354 -4.54326
-2.353 -4.54058
-2.352 -4.5379
-2.351 -4.53522
-2.35 -4.53254
-2.349 -4.52987
-2.348 -4.52719
-2.347 -4.52451
-2.346 -4.52183
-2.345 -4.51915
-2.344 -4.51647
-2.343 -4.51379
-2.342 -4.51111
-2.341 -4.50843
-2.34 -4.50575
-2.339 -4.50307
-2.338 -4.50039
-2.337 -4.49771
-2.336 -4.49503
-2.335 -4.49236
-2.334 -4.48968
-2.333 -4.487
-2.332 -4.48432
-2.331 -4.48164
-2.33 -4.47896
-2.329 -4.47628
-2.328 -4.4736
-2.327 -4.47092
-2.326 -4.46825
-2.325 -4.46557
-2.324 -4.46289
-2.323 -4.46021
-2.322 -4.45753
-2.321 -4.45485
-2.32 -4.45217
-2.319 -4.4495
-2.318 -4.44682
-2.317 -4.44414
-2.316 -4.44146
-2.315 -4.43878
-2.314 -4.4361
-2.313 -4.43343
-2.312 -4.43075
-2.311 -4.42807
-2.31 -4.42539
-2.309 -4.42271
-2.308 -4.42003
-2.307 -4.41736
-2.306 -4.41468
-2.305 -4.412
-2.304 -4.40932
-2.303 -4.40664
-2.302 -4.40397
-2.301 -4.40129
-2.3 -4.39861
-2.299 -4.39593
-2.298 -4.39325
-2.297 -4.39058
-2.296 -4.3879
-2.295 -4.38522
-2.294 -4.38254
-2.293 -4.37986
-2.292 -4.37719
-2.291 -4.37451
-2.29 -4.37183
-2.289 -4.36915
-2.288 -4.36647
-2.287 -4.36379
-2.286 -4.36112
-2.285 -4.35844
-2.284 -4.35576
-2.283 -4.35308
-2.282 -4.3504
-2.281 -4.34772
-2.28 -4.34505
-2.279 -4.34237
-2.278 -4.33969
-2.277 -4.33701
-2.276 -4.33433
-2.275 -4.33165
-2.274 -4.32897
-2.273 -4.3263
-2.272 -4.32362
-2.271 -4.32094
-2.27 -4.31826
-2.269 -4.31558
-2.268 -4.3129
-2.267 -4.31022
-2.266 -4.30754
-2.265 -4.30487
-2.264 -4.30219
-2.263 -4.29951
-2.262 -4.29683
-2.261 -4.29415
-2.26 -4.29147
-2.259 -4.28879
-2.258 -4.28612
-2.257 -4.28344
-2.256 -4.28076
-2.255 -4.27808
-2.254 -4.2754
-2.253 -4.27272
-2.252 -4.27005
-2.251 -4.26737
-2.25 -4.26469
-2.249 -4.26201
-2.248 -4.25934
-2.247 -4.25666
-2.246 -4.25398
-2.245 -4.2513
-2.244 -4.24863
-2.243 -4.24595
-2.242 -4.24327
-2.241 -4.24059
-2.24 -4.23792
-2.239 -4.23524
-2.238 -4.23256
-2.237 -4.22989
-2.236 -4.22721
-2.235 -4.22453
-2.234 -4.22186
-2.233 -4.21918
-2.232 -4.2165
-2.231 -4.21383
-2.23 -4.21115
-2.229 -4.20847
-2.228 -4.2058
-2.227 -4.20312
-2.226 -4.20045
-2.225 -4.19777
-2.224 -4.19509
-2.223 -4.19242
-2.222 -4.18974
-2.221 -4.18707
-2.22 -4.18439
-2.219 -4.18171
-2.218 -4.17904
-2.217 -4.17636
-2.216 -4.17369
-2.215 -4.17101
-2.214 -4.16833
-2.213 -4.16566
-2.212 -4.16298
-2.211 -4.16031
-2.21 -4.15763
-2.209 -4.15496
-2.208 -4.15228
-2.207 -4.1496
-2.206 -4.14693
-2.205 -4.14425
-2.204 -4.14158
-2.203 -4.1389
-2.202 -4.13623
-2.201 -4.13355
-2.2 -4.13088
-2.199 -4.1282
-2.198 -4.12553
-2.197 -4.12285
-2.196 -4.12018
-2.195 -4.1175
-2.194 -4.11483
-2.193 -4.11215
-2.192 -4.10948
-2.191 -4.1068
-2.19 -4.10413
-2.189 -4.10145
-2.188 -4.09878
-2.187 -4.0961
-2.186 -4.09343
-2.185 -4.09075
-2.184 -4.08808
-2.183 -4.0854
-2.182 -4.08273
-2.181 -4.08005
-2.18 -4.07738
-2.179 -4.0747
-2.178 -4.07203
-2.177 -4.06935
-2.176 -4.06668
-2.175 -4.06401
-2.174 -4.06133
-2.173 -4.05866
-2.172 -4.05598
-2.171 -4.05331
-2.17 -4.05064
-2.169 -4.04796
-2.168 -4.04529
-2.167 -4.04261
-2.166 -4.03994
-2.165 -4.03727
-2.164 -4.03459
-2.163 -4.03192
-2.162 -4.02925
-2.161 -4.02657
-2.16 -4.0239
-2.159 -4.02123
-2.158 -4.01855
-2.157 -4.01588
-2.156 -4.01321
-2.155 -4.01054
-2.154 -4.00786
-2.153 -4.00519
-2.152 -4.00252
-2.151 -3.99985
-2.15 -3.99717
-2.149 -3.9945
-2.148 -3.99183
-2.147 -3.98916
-2.146 -3.98649
-2.145 -3.98381
-2.144 -3.98114
-2.143 -3.97847
-2.142 -3.9758
-2.141 -3.97313
-2.14 -3.97046
-2.139 -3.96778
-2.138 -3.96511
-2.137 -3.96244
-2.136 -3.95977
-2.135 -3.9571
-2.134 -3.95443
-2.133 -3.95176
-2.132 -3.94909
-2.131 -3.94642
-2.13 -3.94375
-2.129 -3.94108
-2.128 -3.9384
-2.127 -3.93573
-2.126 -3.93306
-2.125 -3.93039
-2.124 -3.92772
-2.123 -3.92505
-2.122 -3.92238
-2.121 -3.91971
-2.12 -3.91704
-2.119 -3.91437
-2.118 -3.9117
-2.117 -3.90903
-2.116 -3.90636
-2.115 -3.90369
-2.114 -3.90102
-2.113 -3.89835
-2.112 -3.89569
-2.111 -3.89302
-2.11 -3.89035
-2.109 -3.88768
-2.108 -3.88501
-2.107 -3.88234
-2.106 -3.87967
-2.105 -3.877
-2.104 -3.87433
-2.103 -3.87166
-2.102 -3.86899
-2.101 -3.86632
-2.1 -3.86365
-2.099 -3.86099
-2.098 -3.85832
-2.097 -3.85565
-2.096 -3.85298
-2.095 -3.85031
-2.094 -3.84764
-2.093 -3.84497
-2.092 -3.8423
-2.091 -3.83964
-2.09 -3.83697
-2.089 -3.8343
-2.088 -3.83163
-2.087 -3.82896
-2.086 -3.82629
-2.085 -3.82363
-2.084 -3.82096
-2.083 -3.81829
-2.082 -3.81562
-2.081 -3.81295
-2.08 -3.81029
-2.079 -3.80762
-2.078 -3.80495
-2.077 -3.80229
-2.076 -3.79962
-2.075 -3.79695
-2.074 -3.79428
-2.073 -3.79162
-2.072 -3.78895
-2.071 -3.78628
-2.07 -3.78362
-2.069 -3.78095
-2.068 -3.77828
-2.067 -3.77562
-2.066 -3.77295
-2.065 -3.77029
-2.064 -3.76762
-2.063 -3.76495
-2.062 -3.76229
-2.061 -3.75962
-2.06 -3.75696
-2.059 -3.75429
-2.058 -3.75163
-2.057 -3.74896
-2.056 -3.7463
-2.055 -3.74363
-2.054 -3.74097
-2.053 -3.7383
-2.052 -3.73564
-2.051 -3.73297
-2.05 -3.73031
-2.049 -3.72764
-2.048 -3.72498
-2.047 -3.72231
-2.046 -3.71965
-2.045 -3.71698
-2.044 -3.71432
-2.043 -3.71166
-2.042 -3.70899
-2.041 -3.70633
-2.04 -3.70366
-2.039 -3.701
-2.038 -3.69834
-2.037 -3.69567
-2.036 -3.69301
-2.035 -3.69035
-2.034 -3.68768
-2.033 -3.68502
-2.032 -3.68236
-2.031 -3.67969
-2.03 -3.67703
-2.029 -3.67437
-2.028 -3.6717
-2.027 -3.66904
-2.026 -3.66638
-2.025 -3.66372
-2.024 -3.66105
-2.023 -3.65839
-2.022 -3.65573
-2.021 -3.65307
-2.02 -3.6504
-2.019 -3.64774
-2.018 -3.64508
-2.017 -3.64242
-2.016 -3.63976
-2.015 -3.63709
-2.014 -3.63443
-2.013 -3.63177
-2.012 -3.62911
-2.011 -3.62645
-2.01 -3.62379
-2.009 -3.62112
-2.008 -3.61846
-2.007 -3.6158
-2.006 -3.61314
-2.005 -3.61048
-2.004 -3.60782
-2.003 -3.60516
-2.002 -3.6025
-2.001 -3.59984
-2 -3.59718
-1.999 -3.59452
-1.998 -3.59186
-1.997 -3.5892
-1.996 -3.58654
-1.995 -3.58388
-1.994 -3.58122
-1.993 -3.57856
-1.992 -3.5759
-1.991 -3.57324
-1.99 -3.57058
-1.989 -3.56792
-1.988 -3.56526
-1.987 -3.5626
-1.986 -3.55994
-1.985 -3.55728
-1.984 -3.55462
-1.983 -3.55196
-1.982 -3.5493
-1.981 -3.54665
-1.98 -3.54399
-1.979 -3.54133
-1.978 -3.53867
-1.977 -3.53601
-1.976 -3.53335
-1.975 -3.5307
-1.974 -3.52804
-1.973 -3.52538
-1.972 -3.52272
-1.971 -3.52007
-1.97 -3.51741
-1.969 -3.51475
-1.968 -3.51209
-1.967 -3.50944
-1.966 -3.50678
-1.965 -3.50412
-1.964 -3.50146
-1.963 -3.49881
-1.962 -3.49615
-1.961 -3.49349
-1.96 -3.49084
-1.959 -3.48818
-1.958 -3.48553
-1.957 -3.48287
-1.956 -3.48021
-1.955 -3.47756
-1.954 -3.4749
-1.953 -3.47225
-1.952 -3.46959
-1.951 -3.46693
-1.95 -3.46428
-1.949 -3.46162
-1.948 -3.45897
-1.947 -3.45631
-1.946 -3.45366
-1.945 -3.451
-1.944 -3.44835
-1.943 -3.44569
-1.942 -3.44304
-1.941 -3.44038
-1.94 -3.43773
-1.939 -3.43507
-1.938 -3.43242
-1.937 -3.42977
-1.936 -3.42711
-1.935 -3.42446
-1.934 -3.4218
-1.933 -3.41915
-1.932 -3.41649
-1.931 -3.41384
-1.93 -3.41119
-1.929 -3.40853
-1.928 -3.40588
-1.927 -3.40323
-1.926 -3.40057
-1.925 -3.39792
-1.924 -3.39527
-1.923 -3.39261
-1.922 -3.38996
-1.921 -3.38731
-1.92 -3.38466
-1.919 -3.382
-1.918 -3.37935
-1.917 -3.3767
-1.916 -3.37405
-1.915 -3.37139
-1.914 -3.36874
-1.913 -3.36609
-1.912 -3.36344
-1.911 -3.36078
-1.91 -3.35813
-1.909 -3.35548
-1.908 -3.35283
-1.907 -3.35018
-1.906 -3.34753
-1.905 -3.34487
-1.904 -3.34222
-1.903 -3.33957
-1.902 -3.33692
-1.901 -3.33427
-1.9 -3.33162
-1.899 -3.32897
-1.898 -3.32632
-1.897 -3.32367
-1.896 -3.32102
-1.895 -3.31837
-1.894 -3.31572
-1.893 -3.31307
-1.892 -3.31042
-1.891 -3.30777
-1.89 -3.30512
-1.889 -3.30247
-1.888 -3.29982
-1.887 -3.29717
-1.886 -3.29452
-1.885 -3.29187
-1.884 -3.28922
-1.883 -3.28657
-1.882 -3.28392
-1.881 -3.28127
-1.88 -3.27863
-1.879 -3.27598
-1.878 -3.27333
-1.877 -3.27068
-1.876 -3.26803
-1.875 -3.26538
-1.874 -3.26274
-1.873 -3.26009
-1.872 -3.25744
-1.871 -3.25479
-1.87 -3.25214
-1.869 -3.2495
-1.868 -3.24685
-1.867 -3.2442
-1.866 -3.24156
-1.865 -3.23891
-1.864 -3.23626
-1.863 -3.23361
-1.862 -3.23097
-1.861 -3.22832
-1.86 -3.22567
-1.859 -3.22303
-1.858 -3.22038
-1.857 -3.21774
-1.856 -3.21509
-1.855 -3.21244
-1.854 -3.2098
-1.853 -3.20715
-1.852 -3.20451
-1.851 -3.20186
-1.85 -3.19921
-1.849 -3.19657
-1.848 -3.19392
-1.847 -3.19128
-1.846 -3.18863
-1.845 -3.18599
-1.844 -3.18334
-1.843 -3.1807
-1.842 -3.17806
-1.841 -3.17541
-1.84 -3.17277
-1.839 -3.17012
-1.838 -3.16748
-1.837 -3.16483
-1.836 -3.16219
-1.835 -3.15955
-1.834 -3.1569
-1.833 -3.15426
-1.832 -3.15162
-1.831 -3.14897
-1.83 -3.14633
-1.829 -3.14369
-1.828 -3.14104
-1.827 -3.1384
-1.826 -3.13576
-1.825 -3.13311
-1.824 -3.13047
-1.823 -3.12783
-1.822 -3.12519
-1.821 -3.12255
-1.82 -3.1199
-1.819 -3.11726
-1.818 -3.11462
-1.817 -3.11198
-1.816 -3.10934
-1.815 -3.10669
-1.814 -3.10405
-1.813 -3.10141
-1.812 -3.09877
-1.811 -3.09613
-1.81 -3.09349
-1.809 -3.09085
-1.808 -3.08821
-1.807 -3.08557
-1.806 -3.08292
-1.805 -3.08028
-1.804 -3.07764
-1.803 -3.075
-1.802 -3.07236
-1.801 -3.06972
-1.8 -3.06708
-1.799 -3.06444
-1.798 -3.0618
-1.797 -3.05916
-1.796 -3.05653
-1.795 -3.05389
-1.794 -3.05125
-1.793 -3.04861
-1.792 -3.04597
-1.791 -3.04333
-1.79 -3.04069
-1.789 -3.03805
-1.788 -3.03541
-1.787 -3.03277
-1.786 -3.03014
-1.785 -3.0275
-1.784 -3.02486
-1.783 -3.02222
-1.782 -3.01958
-1.781 -3.01695
-1.78 -3.01431
-1.779 -3.01167
-1.778 -3.00903
-1.777 -3.0064
-1.776 -3.00376
-1.775 -3.00112
-1.774 -2.99849
-1.773 -2.99585
-1.772 -2.99321
-1.771 -2.99058
-1.77 -2.98794
-1.769 -2.9853
-1.768 -2.98267
-1.767 -2.98003
-1.766 -2.97739
-1.765 -2.97476
-1.764 -2.97212
-1.763 -2.96949
-1.762 -2.96685
-1.761 -2.96421
-1.76 -2.96158
-1.759 -2.95894
-1.758 -2.95631
-1.757 -2.95367
-1.756 -2.95104
-1.755 -2.9484
-1.754 -2.94577
-1.753 -2.94313
-1.752 -2.9405
-1.751 -2.93787
-1.75 -2.93523
-1.749 -2.9326
-1.748 -2.92996
-1.747 -2.92733
-1.746 -2.9247
-1.745 -2.92206
-1.744 -2.91943
-1.743 -2.9168
-1.742 -2.91416
-1.741 -2.91153
-1.74 -2.9089
-1.739 -2.90626
-1.738 -2.90363
-1.737 -2.901
-1.736 -2.89836
-1.735 -2.89573
-1.734 -2.8931
-1.733 -2.89047
-1.732 -2.88783
-1.731 -2.8852
-1.73 -2.88257
-1.729 -2.87994
-1.728 -2.87731
-1.727 -2.87467
-1.726 -2.87204
-1.725 -2.86941
-1.724 -2.86678
-1.723 -2.86415
-1.722 -2.86152
-1.721 -2.85889
-1.72 -2.85626
-1.719 -2.85363
-1.718 -2.85099
-1.717 -2.84836
-1.716 -2.84573
-1.715 -2.8431
-1.714 -2.84047
-1.713 -2.83784
-1.712 -2.83521
-1.711 -2.83258
-1.71 -2.82995
-1.709 -2.82732
-1.708 -2.82469
-1.707 -2.82206
-1.706 -2.81944
-1.705 -2.81681
-1.704 -2.81418
-1.703 -2.81155
-1.702 -2.80892
-1.701 -2.80629
-1.7 -2.80366
-1.699 -2.80103
-1.698 -2.79841
-1.697 -2.79578
-1.696 -2.79315
-1.695 -2.79052
-1.694 -2.78789
-1.693 -2.78527
-1.692 -2.78264
-1.691 -2.78001
-1.69 -2.77738
-1.689 -2.77476
-1.688 -2.77213
-1.687 -2.7695
-1.686 -2.76688
-1.685 -2.76425
-1.684 -2.76162
-1.683 -2.759
-1.682 -2.75637
-1.681 -2.75374
-1.68 -2.75112
-1.679 -2.74849
-1.678 -2.74587
-1.677 -2.74324
-1.676 -2.74061
-1.675 -2.73799
-1.674 -2.73536
-1.673 -2.73274
-1.672 -2.73011
-1.671 -2.72749
-1.67 -2.72486
-1.669 -2.72224
-1.668 -2.71962
-1.667 -2.71699
-1.666 -2.71437
-1.665 -2.71174
-1.664 -2.70912
-1.663 -2.70649
-1.662 -2.70387
-1.661 -2.70125
-1.66 -2.69862
-1.659 -2.696
-1.658 -2.69338
-1.657 -2.69075
-1.656 -2.68813
-1.655 -2.68551
-1.654 -2.68289
-1.653 -2.68026
-1.652 -2.67764
-1.651 -2.67502
-1.65 -2.6724
-1.649 -2.66977
-1.648 -2.66715
-1.647 -2.66453
-1.646 -2.66191
-1.645 -2.65929
-1.644 -2.65667
-1.643 -2.65404
-1.642 -2.65142
-1.641 -2.6488
-1.64 -2.64618
-1.639 -2.64356
-1.638 -2.64094
-1.637 -2.63832
-1.636 -2.6357
-1.635 -2.63308
-1.634 -2.63046
-1.633 -2.62784
-1.632 -2.62522
-1.631 -2.6226
-1.63 -2.61998
-1.629 -2.61736
-1.628 -2.61474
-1.627 -2.61212
-1.626 -2.6095
-1.625 -2.60688
-1.624 -2.60426
-1.623 -2.60164
-1.622 -2.59902
-1.621 -2.59641
-1.62 -2.59379
-1.619 -2.59117
-1.618 -2.58855
-1.617 -2.58593
-1.616 -2.58331
-1.615 -2.5807
-1.614 -2.57808
-1.613 -2.57546
-1.612 -2.57284
-1.611 -2.57023
-1.61 -2.56761
-1.609 -2.56499
-1.608 -2.56237
-1.607 -2.55976
-1.606 -2.55714
-1.605 -2.55452
-1.604 -2.55191
-1.603 -2.54929
-1.602 -2.54667
-1.601 -2.54406
-1.6 -2.54144
-1.599 -2.53883
-1.598 -2.53621
-1.597 -2.53359
-1.596 -2.53098
-1.595 -2.52836
-1.594 -2.52575
-1.593 -2.52313
-1.592 -2.52052
-1.591 -2.5179
-1.59 -2.51529
-1.589 -2.51267
-1.588 -2.51006
-1.587 -2.50745
-1.586 -2.50483
-1.585 -2.50222
-1.584 -2.4996
-1.583 -2.49699
-1.582 -2.49438
-1.581 -2.49176
-1.58 -2.48915
-1.579 -2.48654
-1.578 -2.48392
-1.577 -2.48131
-1.576 -2.4787
-1.575 -2.47608
-1.574 -2.47347
-1.573 -2.47086
-1.572 -2.46825
-1.571 -2.46563
-1.57 -2.46302
-1.569 -2.46041
-1.568 -2.4578
-1.567 -2.45519
-1.566 -2.45257
-1.565 -2.44996
-1.564 -2.44735
-1.563 -2.44474
-1.562 -2.44213
-1.561 -2.43952
-1.56 -2.43691
-1.559 -2.4343
-1.558 -2.43169
-1.557 -2.42908
-1.556 -2.42647
-1.555 -2.42385
-1.554 -2.42124
-1.553 -2.41863
-1.552 -2.41602
-1.551 -2.41342
-1.55 -2.41081
-1.549 -2.4082
-1.548 -2.40559
-1.547 -2.40298
-1.546 -2.40037
-1.545 -2.39776
-1.544 -2.39515
-1.543 -2.39254
-1.542 -2.38993
-1.541 -2.38732
-1.54 -2.38472
-1.539 -2.38211
-1.538 -2.3795
-1.537 -2.37689
-1.536 -2.37428
-1.535 -2.37168
-1.534 -2.36907
-1.533 -2.36646
-1.532 -2.36385
-1.531 -2.36125
-1.53 -2.35864
-1.529 -2.35603
-1.528 -2.35343
-1.527 -2.35082
-1.526 -2.34821
-1.525 -2.34561
-1.524 -2.343
-1.523 -2.34039
-1.522 -2.33779
-1.521 -2.33518
-1.52 -2.33258
-1.519 -2.32997
-1.518 -2.32736
-1.517 -2.32476
-1.516 -2.32215
-1.515 -2.31955
-1.514 -2.31694
-1.513 -2.31434
-1.512 -2.31173
-1.511 -2.30913
-1.51 -2.30652
-1.509 -2.30392
-1.508 -2.30132
-1.507 -2.29871
-1.506 -2.29611
-1.505 -2.2935
-1.504 -2.2909
-1.503 -2.2883
-1.502 -2.28569
-1.501 -2.28309
-1.5 -2.28049
-1.499 -2.27789
-1.498 -2.27528
-1.497 -2.27268
-1.496 -2.27008
-1.495 -2.26748
-1.494 -2.26487
-1.493 -2.26227
-1.492 -2.25967
-1.491 -2.25707
-1.49 -2.25447
-1.489 -2.25187
-1.488 -2.24927
-1.487 -2.24666
-1.486 -2.24406
-1.485 -2.24146
-1.484 -2.23886
-1.483 -2.23626
-1.482 -2.23366
-1.481 -2.23106
-1.48 -2.22846
-1.479 -2.22586
-1.478 -2.22326
-1.477 -2.22066
-1.476 -2.21806
-1.475 -2.21546
-1.474 -2.21286
-1.473 -2.21027
-1.472 -2.20767
-1.471 -2.20507
-1.47 -2.20247
-1.469 -2.19987
-1.468 -2.19727
-1.467 -2.19467
-1.466 -2.19208
-1.465 -2.18948
-1.464 -2.18688
-1.463 -2.18428
-1.462 -2.18169
-1.461 -2.17909
-1.46 -2.17649
-1.459 -2.17389
-1.458 -2.1713
-1.457 -2.1687
-1.456 -2.1661
-1.455 -2.16351
-1.454 -2.16091
-1.453 -2.15831
-1.452 -2.15572
-1.451 -2.15312
-1.45 -2.15053
-1.449 -2.14793
-1.448 -2.14533
-1.447 -2.14274
-1.446 -2.14014
-1.445 -2.13755
-1.444 -2.13495
-1.443 -2.13236
-1.442 -2.12976
-1.441 -2.12717
-1.44 -2.12457
-1.439 -2.12198
-1.438 -2.11938
-1.437 -2.11679
-1.436 -2.1142
-1.435 -2.1116
-1.434 -2.10901
-1.433 -2.10642
-1.432 -2.10382
-1.431 -2.10123
-1.43 -2.09863
-1.429 -2.09604
-1.428 -2.09345
-1.427 -2.09086
-1.426 -2.08826
-1.425 -2.08567
-1.424 -2.08308
-1.423 -2.08049
-1.422 -2.07789
-1.421 -2.0753
-1.42 -2.07271
-1.419 -2.07012
-1.418 -2.06753
-1.417 -2.06494
-1.416 -2.06234
-1.415 -2.05975
-1.414 -2.05716
-1.413 -2.05457
-1.412 -2.05198
-1.411 -2.04939
-1.41 -2.0468
-1.409 -2.04421
-1.408 -2.04162
-1.407 -2.03903
-1.406 -2.03644
-1.405 -2.03385
-1.404 -2.03126
-1.403 -2.02867
-1.402 -2.02608
-1.401 -2.02349
-1.4 -2.02091
-1.399 -2.01832
-1.398 -2.01573
-1.397 -2.01314
-1.396 -2.01055
-1.395 -2.00796
-1.394 -2.00538
-1.393 -2.00279
-1.392 -2.0002
-1.391 -1.99761
-1.39 -1.99502
-1.389 -1.99244
-1.388 -1.98985
-1.387 -1.98726
-1.386 -1.98468
-1.385 -1.98209
-1.384 -1.9795
-1.383 -1.97692
-1.382 -1.97433
-1.381 -1.97174
-1.38 -1.96916
-1.379 -1.96657
-1.378 -1.96399
-1.377 -1.9614
-1.376 -1.95882
-1.375 -1.95623
-1.374 -1.95365
-1.373 -1.95106
-1.372 -1.94848
-1.371 -1.94589
-1.37 -1.94331
-1.369 -1.94072
-1.368 -1.93814
-1.367 -1.93555
-1.366 -1.93297
-1.365 -1.93039
-1.364 -1.9278
-1.363 -1.92522
-1.362 -1.92263
-1.361 -1.92005
-1.36 -1.91747
-1.359 -1.91488
-1.358 -1.9123
-1.357 -1.90972
-1.356 -1.90714
-1.355 -1.90455
-1.354 -1.90197
-1.353 -1.89939
-1.352 -1.89681
-1.351 -1.89423
-1.35 -1.89164
-1.349 -1.88906
-1.348 -1.88648
-1.347 -1.8839
-1.346 -1.88132
-1.345 -1.87874
-1.344 -1.87616
-1.343 -1.87357
-1.342 -1.87099
-1.341 -1.86841
-1.34 -1.86583
-1.339 -1.86325
-1.338 -1.86067
-1.337 -1.85809
-1.336 -1.85551
-1.335 -1.85293
-1.334 -1.85035
-1.333 -1.84777
-1.332 -1.8452
-1.331 -1.84262
-1.33 -1.84004
-1.329 -1.83746
-1.328 -1.83488
-1.327 -1.8323
-1.326 -1.82972
-1.325 -1.82715
-1.324 -1.82457
-1.323 -1.82199
-1.322 -1.81941
-1.321 -1.81684
-1.32 -1.81426
-1.319 -1.81168
-1.318 -1.80911
-1.317 -1.80653
-1.316 -1.80395
-1.315 -1.80138
-1.314 -1.7988
-1.313 -1.79622
-1.312 -1.79365
-1.311 -1.79107
-1.31 -1.7885
-1.309 -1.78592
-1.308 -1.78335
-1.307 -1.78077
-1.306 -1.7782
-1.305 -1.77562
-1.304 -1.77305
-1.303 -1.77047
-1.302 -1.7679
-1.301 -1.76533
-1.3 -1.76275
-1.299 -1.76018
-1.298 -1.75761
-1.297 -1.75503
-1.296 -1.75246
-1.295 -1.74989
-1.294 -1.74731
-1.293 -1.74474
-1.292 -1.74217
-1.291 -1.7396
-1.29 -1.73702
-1.289 -1.73445
-1.288 -1.73188
-1.287 -1.72931
-1.286 -1.72674
-1.285 -1.72416
-1.284 -1.72159
-1.283 -1.71902
-1.282 -1.71645
-1.281 -1.71388
-1.28 -1.71131
-1.279 -1.70874
-1.278 -1.70617
-1.277 -1.7036
-1.276 -1.70103
-1.275 -1.69846
-1.274 -1.69589
-1.273 -1.69332
-1.272 -1.69075
-1.271 -1.68818
-1.27 -1.68561
-1.269 -1.68304
-1.268 -1.68047
-1.267 -1.6779
-1.266 -1.67533
-1.265 -1.67276
-1.264 -1.67019
-1.263 -1.66763
-1.262 -1.66506
-1.261 -1.66249
-1.26 -1.65992
-1.259 -1.65735
-1.258 -1.65479
-1.257 -1.65222
-1.256 -1.64965
-1.255 -1.64708
-1.254 -1.64452
-1.253 -1.64195
-1.252 -1.63938
-1.251 -1.63682
-1.25 -1.63425
-1.249 -1.63169
-1.248 -1.62912
-1.247 -1.62655
-1.246 -1.62399
-1.245 -1.62142
-1.244 -1.61886
-1.243 -1.61629
-1.242 -1.61373
-1.241 -1.61116
-1.24 -1.6086
-1.239 -1.60603
-1.238 -1.60347
-1.237 -1.6009
-1.236 -1.59834
-1.235 -1.59578
-1.234 -1.59321
-1.233 -1.59065
-1.232 -1.58808
-1.231 -1.58552
-1.23 -1.58296
-1.229 -1.5804
-1.228 -1.57783
-1.227 -1.57527
-1.226 -1.57271
-1.225 -1.57015
-1.224 -1.56758
-1.223 -1.56502
-1.222 -1.56246
-1.221 -1.5599
-1.22 -1.55734
-1.219 -1.55478
-1.218 -1.55221
-1.217 -1.54965
-1.216 -1.54709
-1.215 -1.54453
-1.214 -1.54197
-1.213 -1.53941
-1.212 -1.53685
-1.211 -1.53429
-1.21 -1.53173
-1.209 -1.52917
-1.208 -1.52661
-1.207 -1.52405
-1.206 -1.52149
-1.205 -1.51894
-1.204 -1.51638
-1.203 -1.51382
-1.202 -1.51126
-1.201 -1.5087
-1.2 -1.50614
-1.199 -1.50358
-1.198 -1.50103
-1.197 -1.49847
-1.196 -1.49591
-1.195 -1.49335
-1.194 -1.4908
-1.193 -1.48824
-1.192 -1.48568
-1.191 -1.48312
-1.19 -1.48057
-1.189 -1.47801
-1.188 -1.47545
-1.187 -1.4729
-1.186 -1.47034
-1.185 -1.46779
-1.184 -1.46523
-1.183 -1.46267
-1.182 -1.46012
-1.181 -1.45756
-1.18 -1.45501
-1.179 -1.45245
-1.178 -1.4499
-1.177 -1.44734
-1.176 -1.44479
-1.175 -1.44224
-1.174 -1.43968
-1.173 -1.43713
-1.172 -1.43457
-1.171 -1.43202
-1.17 -1.42947
-1.169 -1.42691
-1.168 -1.42436
-1.167 -1.42181
-1.166 -1.41925
-1.165 -1.4167
-1.164 -1.41415
-1.163 -1.4116
-1.162 -1.40904
-1.161 -1.40649
-1.16 -1.40394
-1.159 -1.40139
-1.158 -1.39884
-1.157 -1.39628
-1.156 -1.39373
-1.155 -1.39118
-1.154 -1.38863
-1.153 -1.38608
-1.152 -1.38353
-1.151 -1.38098
-1.15 -1.37843
-1.149 -1.37588
-1.148 -1.37333
-1.147 -1.37078
-1.146 -1.36823
-1.145 -1.36568
-1.144 -1.36313
-1.143 -1.36058
-1.142 -1.35804
-1.141 -1.35549
-1.14 -1.35294
-1.139 -1.35039
-1.138 -1.34784
-1.137 -1.34529
-1.136 -1.34275
-1.135 -1.3402
-1.134 -1.33765
-1.133 -1.33511
-1.132 -1.33256
-1.131 -1.33001
-1.13 -1.32747
-1.129 -1.32492
-1.128 -1.32237
-1.127 -1.31983
-1.126 -1.31728
-1.125 -1.31474
-1.124 -1.31219
-1.123 -1.30965
-1.122 -1.3071
-1.121 -1.30456
-1.12 -1.30201
-1.119 -1.29947
-1.118 -1.29692
-1.117 -1.29438
-1.116 -1.29184
-1.115 -1.28929
-1.114 -1.28675
-1.113 -1.2842
-1.112 -1.28166
-1.111 -1.27912
-1.11 -1.27658
-1.109 -1.27403
-1.108 -1.27149
-1.107 -1.26895
-1.106 -1.26641
-1.105 -1.26386
-1.104 -1.26132
-1.103 -1.25878
-1.102 -1.25624
-1.101 -1.2537
-1.1 -1.25115
-1.099 -1.24861
-1.098 -1.24607
-1.097 -1.24353
-1.096 -1.24099
-1.095 -1.23845
-1.094 -1.23591
-1.093 -1.23337
-1.092 -1.23083
-1.091 -1.22829
-1.09 -1.22575
-1.089 -1.22321
-1.088 -1.22067
-1.087 -1.21813
-1.086 -1.21559
-1.085 -1.21305
-1.084 -1.21051
-1.083 -1.20798
-1.082 -1.20544
-1.081 -1.2029
-1.08 -1.20036
-1.079 -1.19782
-1.078 -1.19529
-1.077 -1.19275
-1.076 -1.19021
-1.075 -1.18767
-1.074 -1.18514
-1.073 -1.1826
-1.072 -1.18006
-1.071 -1.17753
-1.07 -1.17499
-1.069 -1.17245
-1.068 -1.16992
-1.067 -1.16738
-1.066 -1.16485
-1.065 -1.16231
-1.064 -1.15978
-1.063 -1.15724
-1.062 -1.15471
-1.061 -1.15217
-1.06 -1.14964
-1.059 -1.1471
-1.058 -1.14457
-1.057 -1.14203
-1.056 -1.1395
-1.055 -1.13697
-1.054 -1.13443
-1.053 -1.1319
-1.052 -1.12937
-1.051 -1.12683
-1.05 -1.1243
-1.049 -1.12177
-1.048 -1.11924
-1.047 -1.11671
-1.046 -1.11417
-1.045 -1.11164
-1.044 -1.10911
-1.043 -1.10658
-1.042 -1.10405
-1.041 -1.10152
-1.04 -1.09899
-1.039 -1.09646
-1.038 -1.09393
-1.037 -1.0914
-1.036 -1.08887
-1.035 -1.08634
-1.034 -1.08381
-1.033 -1.08128
-1.032 -1.07875
-1.031 -1.07622
-1.03 -1.07369
-1.029 -1.07116
-1.028 -1.06863
-1.027 -1.0661
-1.026 -1.06357
-1.025 -1.06105
-1.024 -1.05852
-1.023 -1.05599
-1.022 -1.05346
-1.021 -1.05094
-1.02 -1.04841
-1.019 -1.04588
-1.018 -1.04335
-1.017 -1.04083
-1.016 -1.0383
-1.015 -1.03577
-1.014 -1.03325
-1.013 -1.03072
-1.012 -1.0282
-1.011 -1.02567
-1.01 -1.02314
-1.009 -1.02062
-1.008 -1.01809
-1.007 -1.01557
-1.006 -1.01304
-1.005 -1.01052
-1.004 -1.00799
-1.003 -1.00547
-1.002 -1.00295
-1.001 -1.00042
-1 -0.997898
-0.999 -0.995374
-0.998 -0.99285
-0.997 -0.990327
-0.996 -0.987804
-0.995 -0.985281
-0.994 -0.982758
-0.993 -0.980235
-0.992 -0.977713
-0.991 -0.975191
-0.99 -0.972668
-0.989 -0.970146
-0.988 -0.967625
-0.987 -0.965103
-0.986 -0.962582
-0.985 -0.960061
-0.984 -0.95754
-0.983 -0.955019
-0.982 -0.952498
-0.981 -0.949978
-0.98 -0.947458
-0.979 -0.944938
-0.978 -0.942418
-0.977 -0.939899
-0.976 -0.93738
-0.975 -0.93486
-0.974 -0.932342
-0.973 -0.929823
-0.972 -0.927305
-0.971 -0.924786
-0.97 -0.922268
-0.969 -0.91975
-0.968 -0.917233
-0.967 -0.914715
-0.966 -0.912198
-0.965 -0.909681
-0.964 -0.907165
-0.963 -0.904648
-0.962 -0.902132
-0.961 -0.899616
-0.96 -0.8971
-0.959 -0.894584
-0.958 -0.892068
-0.957 -0.889553
-0.956 -0.887038
-0.955 -0.884523
-0.954 -0.882008
-0.953 -0.879494
-0.952 -0.87698
-0.951 -0.874466
-0.95 -0.871952
-0.949 -0.869438
-0.948 -0.866925
-0.947 -0.864411
-0.946 -0.861898
-0.945 -0.859385
-0.944 -0.856872
-0.943 -0.85436
-0.942 -0.851848
-0.941 -0.849335
-0.94 -0.846824
-0.939 -0.844312
-0.938 -0.8418
-0.937 -0.839289
-0.936 -0.836778
-0.935 -0.834266
-0.934 -0.831756
-0.933 -0.829245
-0.932 -0.826734
-0.931 -0.824224
-0.93 -0.821714
-0.929 -0.819204
-0.928 -0.816694
-0.927 -0.814185
-0.926 -0.811675
-0.925 -0.809166
-0.924 -0.806657
-0.923 -0.804148
-0.922 -0.801639
-0.921 -0.799131
-0.92 -0.796622
-0.919 -0.794114
-0.918 -0.791606
-0.917 -0.789098
-0.916 -0.78659
-0.915 -0.784083
-0.914 -0.781576
-0.913 -0.779069
-0.912 -0.776562
-0.911 -0.774055
-0.91 -0.771548
-0.909 -0.769042
-0.908 -0.766536
-0.907 -0.76403
-0.906 -0.761524
-0.905 -0.759018
-0.904 -0.756513
-0.903 -0.754008
-0.902 -0.751502
-0.901 -0.748998
-0.9 -0.746493
-0.899 -0.743988
-0.898 -0.741484
-0.897 -0.73898
-0.896 -0.736476
-0.895 -0.733973
-0.894 -0.731469
-0.893 -0.728966
-0.892 -0.726463
-0.891 -0.72396
-0.89 -0.721457
-0.889 -0.718955
-0.888 -0.716453
-0.887 -0.713951
-0.886 -0.711449
-0.885 -0.708947
-0.884 -0.706446
-0.883 -0.703945
-0.882 -0.701444
-0.881 -0.698943
-0.88 -0.696442
-0.879 -0.693942
-0.878 -0.691442
-0.877 -0.688942
-0.876 -0.686442
-0.875 -0.683943
-0.874 -0.681444
-0.873 -0.678945
-0.872 -0.676446
-0.871 -0.673947
-0.87 -0.671449
-0.869 -0.668951
-0.868 -0.666453
-0.867 -0.663955
-0.866 -0.661457
-0.865 -0.65896
-0.864 -0.656463
-0.863 -0.653966
-0.862 -0.651469
-0.861 -0.648972
-0.86 -0.646476
-0.859 -0.64398
-0.858 -0.641484
-0.857 -0.638988
-0.856 -0.636493
-0.855 -0.633997
-0.854 -0.631502
-0.853 -0.629007
-0.852 -0.626512
-0.851 -0.624017
-0.85 -0.621523
-0.849 -0.619029
-0.848 -0.616535
-0.847 -0.614041
-0.846 -0.611547
-0.845 -0.609054
-0.844 -0.60656
-0.843 -0.604067
-0.842 -0.601574
-0.841 -0.599081
-0.84 -0.596589
-0.839 -0.594096
-0.838 -0.591604
-0.837 -0.589112
-0.836 -0.58662
-0.835 -0.584129
-0.834 -0.581637
-0.833 -0.579146
-0.832 -0.576655
-0.831 -0.574164
-0.83 -0.571673
-0.829 -0.569183
-0.828 -0.566692
-0.827 -0.564202
-0.826 -0.561712
-0.825 -0.559223
-0.824 -0.556733
-0.823 -0.554244
-0.822 -0.551755
-0.821 -0.549266
-0.82 -0.546777
-0.819 -0.544289
-0.818 -0.5418
-0.817 -0.539312
-0.816 -0.536824
-0.815 -0.534337
-0.814 -0.531849
-0.813 -0.529362
-0.812 -0.526875
-0.811 -0.524388
-0.81 -0.521901
-0.809 -0.519415
-0.808 -0.516929
-0.807 -0.514443
-0.806 -0.511957
-0.805 -0.509471
-0.804 -0.506986
-0.803 -0.504501
-0.802 -0.502016
-0.801 -0.499532
-0.8 -0.497047
-0.799 -0.494563
-0.798 -0.492079
-0.797 -0.489596
-0.796 -0.487112
-0.795 -0.484629
-0.794 -0.482146
-0.793 -0.479663
-0.792 -0.477181
-0.791 -0.474699
-0.79 -0.472217
-0.789 -0.469735
-0.788 -0.467253
-0.787 -0.464772
-0.786 -0.462291
-0.785 -0.45981
-0.784 -0.45733
-0.783 -0.454849
-0.782 -0.452369
-0.781 -0.449889
-0.78 -0.44741
-0.779 -0.44493
-0.778 -0.442451
-0.777 -0.439972
-0.776 -0.437493
-0.775 -0.435015
-0.774 -0.432536
-0.773 -0.430058
-0.772 -0.427581
-0.771 -0.425103
-0.77 -0.422626
-0.769 -0.420148
-0.768 -0.417671
-0.767 -0.415195
-0.766 -0.412718
-0.765 -0.410242
-0.764 -0.407766
-0.763 -0.40529
-0.762 -0.402814
-0.761 -0.400338
-0.76 -0.397863
-0.759 -0.395388
-0.758 -0.392913
-0.757 -0.390438
-0.756 -0.387964
-0.755 -0.38549
-0.754 -0.383015
-0.753 -0.380542
-0.752 -0.378068
-0.751 -0.375594
-0.75 -0.373121
-0.749 -0.370648
-0.748 -0.368175
-0.747 -0.365702
-0.746 -0.36323
-0.745 -0.360757
-0.744 -0.358285
-0.743 -0.355813
-0.742 -0.353342
-0.741 -0.35087
-0.74 -0.348399
-0.739 -0.345928
-0.738 -0.343457
-0.737 -0.340986
-0.736 -0.338516
-0.735 -0.336045
-0.734 -0.333575
-0.733 -0.331105
-0.732 -0.328636
-0.731 -0.326166
-0.73 -0.323697
-0.729 -0.321228
-0.728 -0.318759
-0.727 -0.316291
-0.726 -0.313822
-0.725 -0.311354
-0.724 -0.308886
-0.723 -0.306418
-0.722 -0.303951
-0.721 -0.301484
-0.72 -0.299017
-0.719 -0.29655
-0.718 -0.294083
-0.717 -0.291617
-0.716 -0.289151
-0.715 -0.286685
-0.714 -0.284219
-0.713 -0.281754
-0.712 -0.279289
-0.711 -0.276824
-0.71 -0.274359
-0.709 -0.271894
-0.708 -0.26943
-0.707 -0.266966
-0.706 -0.264502
-0.705 -0.262039
-0.704 -0.259576
-0.703 -0.257112
-0.702 -0.25465
-0.701 -0.252187
-0.7 -0.249725
-0.699 -0.247263
-0.698 -0.244801
-0.697 -0.242339
-0.696 -0.239878
-0.695 -0.237417
-0.694 -0.234956
-0.693 -0.232495
-0.692 -0.230035
-0.691 -0.227575
-0.69 -0.225115
-0.689 -0.222655
-0.688 -0.220196
-0.687 -0.217736
-0.686 -0.215277
-0.685 -0.212818
-0.684 -0.21036
-0.683 -0.207901
-0.682 -0.205443
-0.681 -0.202985
-0.68 -0.200528
-0.679 -0.19807
-0.678 -0.195613
-0.677 -0.193156
-0.676 -0.190699
-0.675 -0.188242
-0.674 -0.185786
-0.673 -0.18333
-0.672 -0.180874
-0.671 -0.178418
-0.67 -0.175962
-0.669 -0.173507
-0.668 -0.171052
-0.667 -0.168597
-0.666 -0.166142
-0.665 -0.163687
-0.664 -0.161233
-0.663 -0.158779
-0.662 -0.156325
-0.661 -0.153871
-0.66 -0.151418
-0.659 -0.148964
-0.658 -0.146511
-0.657 -0.144058
-0.656 -0.141606
-0.655 -0.139153
-0.654 -0.136701
-0.653 -0.134249
-0.652 -0.131797
-0.651 -0.129346
-0.65 -0.126894
-0.649 -0.124443
-0.648 -0.121992
-0.647 -0.119542
-0.646 -0.117091
-0.645 -0.114641
-0.644 -0.112191
-0.643 -0.109741
-0.642 -0.107291
-0.641 -0.104842
-0.64 -0.102393
-0.639 -0.0999439
-0.638 -0.0974952
-0.637 -0.0950468
-0.636 -0.0925986
-0.635 -0.0901506
-0.634 -0.087703
-0.633 -0.0852555
-0.632 -0.0828084
-0.631 -0.0803615
-0.63 -0.0779148
-0.629 -0.0754684
-0.628 -0.0730223
-0.627 -0.0705764
-0.626 -0.0681308
-0.625 -0.0656855
-0.624 -0.0632405
-0.623 -0.0607957
-0.622 -0.0583511
-0.621 -0.0559069
-0.62 -0.0534629
-0.619 -0.0510191
-0.618 -0.0485757
-0.617 -0.0461325
-0.616 -0.0436895
-0.615 -0.0412469
-0.614 -0.0388045
-0.613 -0.0363624
-0.612 -0.0339205
-0.611 -0.0314789
-0.61 -0.0290376
-0.609 -0.0265965
-0.608 -0.0241557
-0.607 -0.0217151
-0.606 -0.0192749
-0.605 -0.0168348
-0.604 -0.0143951
-0.603 -0.0119556
-0.602 -0.00951637
-0.601 -0.00707739
-0.6 -0.00463867
-0.599 -0.0022002
-0.598 0.000238017
-0.597 0.00267598
-0.596 0.0051137
-0.595 0.00755117
-0.594 0.0099884
-0.593 0.0124254
-0.592 0.0148621
-0.591 0.0172986
-0.59 0.0197349
-0.589 0.0221709
-0.588 0.0246067
-0.587 0.0270422
-0.586 0.0294775
-0.585 0.0319126
-0.584 0.0343474
-0.583 0.036782
-0.582 0.0392164
-0.581 0.0416506
-0.58 0.0440845
-0.579 0.0465182
-0.578 0.0489517
-0.577 0.051385
-0.576 0.053818
-0.575 0.0562508
-0.574 0.0586834
-0.573 0.0611158
-0.572 0.0635479
-0.571 0.0659798
-0.57 0.0684116
-0.569 0.070843
-0.568 0.0732743
-0.567 0.0757053
-0.566 0.0781361
-0.565 0.0805667
-0.564 0.082997
-0.563 0.0854271
-0.562 0.087857
-0.561 0.0902867
-0.56 0.0927162
-0.559 0.0951454
-0.558 0.0975744
-0.557 0.100003
-0.556 0.102432
-0.555 0.10486
-0.554 0.107288
-0.553 0.109716
-0.552 0.112143
-0.551 0.11457
-0.55 0.116997
-0.549 0.119424
-0.548 0.121851
-0.547 0.124277
-0.546 0.126703
-0.545 0.129129
-0.544 0.131555
-0.543 0.13398
-0.542 0.136405
-0.541 0.13883
-0.54 0.141254
-0.539 0.143678
-0.538 0.146102
-0.537 0.148526
-0.536 0.15095
-0.535 0.153373
-0.534 0.155796
-0.533 0.158218
-0.532 0.160641
-0.531 0.163063
-0.53 0.165485
-0.529 0.167906
-0.528 0.170327
-0.527 0.172748
-0.526 0.175169
-0.525 0.17759
-0.524 0.18001
-0.523 0.18243
-0.522 0.184849
-0.521 0.187269
-0.52 0.189688
-0.519 0.192106
-0.518 0.194525
-0.517 0.196943
-0.516 0.199361
-0.515 0.201779
-0.514 0.204197
-0.513 0.206614
-0.512 0.209031
-0.511 0.211448
-0.51 0.213864
-0.509 0.21628
-0.508 0.218696
-0.507 0.221112
-0.506 0.223527
-0.505 0.225943
-0.504 0.228357
-0.503 0.230772
-0.502 0.233187
-0.501 0.235601
-0.5 0.238015
-0.499 0.240429
-0.498 0.242842
-0.497 0.245255
-0.496 0.247669
-0.495 0.250081
-0.494 0.252494
-0.493 0.254906
-0.492 0.257318
-0.491 0.25973
-0.49 0.262142
-0.489 0.264553
-0.488 0.266964
-0.487 0.269375
-0.486 0.271786
-0.485 0.274197
-0.484 0.276607
-0.483 0.279017
-0.482 0.281426
-0.481 0.283836
-0.48 0.286245
-0.479 0.288654
-0.478 0.291063
-0.477 0.293472
-0.476 0.29588
-0.475 0.298288
-0.474 0.300696
-0.473 0.303103
-0.472 0.30551
-0.471 0.307917
-0.47 0.310324
-0.469 0.31273
-0.468 0.315137
-0.467 0.317543
-0.466 0.319948
-0.465 0.322354
-0.464 0.324759
-0.463 0.327164
-0.462 0.329569
-0.461 0.331973
-0.46 0.334377
-0.459 0.336781
-0.458 0.339185
-0.457 0.341588
-0.456 0.343991
-0.455 0.346394
-0.454 0.348796
-0.453 0.351198
-0.452 0.3536
-0.451 0.356002
-0.45 0.358403
-0.449 0.360804
-0.448 0.363205
-0.447 0.365605
-0.446 0.368005
-0.445 0.370405
-0.444 0.372804
-0.443 0.375203
-0.442 0.377602
-0.441 0.380001
-0.44 0.382399
-0.439 0.384797
-0.438 0.387195
-0.437 0.389592
-0.436 0.391989
-0.435 0.394386
-0.434 0.396782
-0.433 0.399178
-0.432 0.401574
-0.431 0.403969
-0.43 0.406365
-0.429 0.40876
-0.428 0.411154
-0.427 0.413549
-0.426 0.415943
-0.425 0.418336
-0.424 0.42073
-0.423 0.423123
-0.422 0.425516
-0.421 0.427908
-0.42 0.430301
-0.419 0.432693
-0.418 0.435084
-0.417 0.437476
-0.416 0.439867
-0.415 0.442258
-0.414 0.444649
-0.413 0.447039
-0.412 0.449429
-0.411 0.451819
-0.41 0.454209
-0.409 0.456598
-0.408 0.458987
-0.407 0.461376
-0.406 0.463764
-0.405 0.466153
-0.404 0.468541
-0.403 0.470928
-0.402 0.473316
-0.401 0.475703
-0.4 0.47809
-0.399 0.480477
-0.398 0.482863
-0.397 0.48525
-0.396 0.487636
-0.395 0.490021
-0.394 0.492407
-0.393 0.494792
-0.392 0.497177
-0.391 0.499562
-0.39 0.501946
-0.389 0.504331
-0.388 0.506714
-0.387 0.509098
-0.386 0.511482
-0.385 0.513865
-0.384 0.516248
-0.383 0.51863
-0.382 0.521013
-0.381 0.523395
-0.38 0.525777
-0.379 0.528158
-0.378 0.53054
-0.377 0.532921
-0.376 0.535302
-0.375 0.537682
-0.374 0.540062
-0.373 0.542442
-0.372 0.544822
-0.371 0.547201
-0.37 0.54958
-0.369 0.551959
-0.368 0.554338
-0.367 0.556716
-0.366 0.559094
-0.365 0.561471
-0.364 0.563849
-0.363 0.566226
-0.362 0.568602
-0.361 0.570979
-0.36 0.573355
-0.359 0.575731
-0.358 0.578106
-0.357 0.580481
-0.356 0.582856
-0.355 0.585231
-0.354 0.587605
-0.353 0.589979
-0.352 0.592353
-0.351 0.594726
-0.35 0.597099
-0.349 0.599472
-0.348 0.601844
-0.347 0.604216
-0.346 0.606588
-0.345 0.60896
-0.344 0.611331
-0.343 0.613702
-0.342 0.616072
-0.341 0.618442
-0.34 0.620812
-0.339 0.623182
-0.338 0.625551
-0.337 0.62792
-0.336 0.630289
-0.335 0.632658
-0.334 0.635026
-0.333 0.637394
-0.332 0.639761
-0.331 0.642129
-0.33 0.644496
-0.329 0.646862
-0.328 0.649229
-0.327 0.651595
-0.326 0.653961
-0.325 0.656327
-0.324 0.658692
-0.323 0.661057
-0.322 0.663422
-0.321 0.665786
-0.32 0.668151
-0.319 0.670515
-0.318 0.672878
-0.317 0.675242
-0.316 0.677605
-0.315 0.679968
-0.314 0.682331
-0.313 0.684693
-0.312 0.687055
-0.311 0.689417
-0.31 0.691779
-0.309 0.69414
-0.308 0.696501
-0.307 0.698862
-0.306 0.701223
-0.305 0.703583
-0.304 0.705943
-0.303 0.708303
-0.302 0.710662
-0.301 0.713021
-0.3 0.71538
-0.299 0.717739
-0.298 0.720097
-0.297 0.722455
-0.296 0.724813
-0.295 0.72717
-0.294 0.729527
-0.293 0.731884
-0.292 0.734241
-0.291 0.736597
-0.29 0.738953
-0.289 0.741308
-0.288 0.743664
-0.287 0.746019
-0.286 0.748373
-0.285 0.750728
-0.284 0.753082
-0.283 0.755436
-0.282 0.757789
-0.281 0.760142
-0.28 0.762495
-0.279 0.764848
-0.278 0.7672
-0.277 0.769552
-0.276 0.771904
-0.275 0.774255
-0.274 0.776606
-0.273 0.778957
-0.272 0.781307
-0.271 0.783657
-0.27 0.786006
-0.269 0.788356
-0.268 0.790705
-0.267 0.793053
-0.266 0.795401
-0.265 0.797749
-0.264 0.800097
-0.263 0.802444
-0.262 0.80479
-0.261 0.807137
-0.26 0.809483
-0.259 0.811829
-0.258 0.814174
-0.257 0.816519
-0.256 0.818864
-0.255 0.821208
-0.254 0.823552
-0.253 0.825896
-0.252 0.82824
-0.251 0.830583
-0.25 0.832925
-0.249 0.835268
-0.248 0.83761
-0.247 0.839951
-0.246 0.842293
-0.245 0.844634
-0.244 0.846975
-0.243 0.849315
-0.242 0.851655
-0.241 0.853995
-0.24 0.856334
-0.239 0.858674
-0.238 0.861013
-0.237 0.863351
-0.236 0.865689
-0.235 0.868027
-0.234 0.870365
-0.233 0.872702
-0.232 0.875039
-0.231 0.877376
-0.23 0.879713
-0.229 0.882049
-0.228 0.884385
-0.227 0.88672
-0.226 0.889056
-0.225 0.891391
-0.224 0.893726
-0.223 0.89606
-0.222 0.898394
-0.221 0.900728
-0.22 0.903062
-0.219 0.905395
-0.218 0.907728
-0.217 0.910061
-0.216 0.912393
-0.215 0.914725
-0.214 0.917057
-0.213 0.919389
-0.212 0.92172
-0.211 0.924051
-0.21 0.926382
-0.209 0.928712
-0.208 0.931043
-0.207 0.933372
-0.206 0.935702
-0.205 0.938031
-0.204 0.94036
-0.203 0.942689
-0.202 0.945017
-0.201 0.947345
-0.2 0.949673
-0.199 0.952
-0.198 0.954327
-0.197 0.956654
-0.196 0.958981
-0.195 0.961307
-0.194 0.963633
-0.193 0.965958
-0.192 0.968283
-0.191 0.970608
-0.19 0.972933
-0.189 0.975257
-0.188 0.977581
-0.187 0.979904
-0.186 0.982227
-0.185 0.98455
-0.184 0.986872
-0.183 0.989195
-0.182 0.991516
-0.181 0.993838
-0.18 0.996159
-0.179 0.998479
-0.178 1.0008
-0.177 1.00312
-0.176 1.00544
-0.175 1.00776
-0.174 1.01008
-0.173 1.0124
-0.172 1.01471
-0.171 1.01703
-0.17 1.01935
-0.169 1.02167
-0.168 1.02398
-0.167 1.0263
-0.166 1.02862
-0.165 1.03093
-0.164 1.03325
-0.163 1.03556
-0.162 1.03788
-0.161 1.04019
-0.16 1.04251
-0.159 1.04482
-0.158 1.04713
-0.157 1.04945
-0.156 1.05176
-0.155 1.05407
-0.154 1.05638
-0.153 1.0587
-0.152 1.06101
-0.151 1.06332
-0.15 1.06563
-0.149 1.06794
-0.148 1.07025
-0.147 1.07256
-0.146 1.07487
-0.145 1.07718
-0.144 1.07949
-0.143 1.0818
-0.142 1.0841
-0.141 1.08641
-0.14 1.08872
-0.139 1.09103
-0.138 1.09334
-0.137 1.09564
-0.136 1.09795
-0.135 1.10026
-0.134 1.10256
-0.133 1.10487
-0.132 1.10717
-0.131 1.10948
-0.13 1.11178
-0.129 1.11409
-0.128 1.11639
-0.127 1.1187
-0.126 1.121
-0.125 1.1233
-0.124 1.12561
-0.123 1.12791
-0.122 1.13021
-0.121 1.13251
-0.12 1.13481
-0.119 1.13712
-0.118 1.13942
-0.117 1.14172
-0.116 1.14402
-0.115 1.14632
-0.114 1.14862
-0.113 1.15092
-0.112 1.15322
-0.111 1.15551
-0.11 1.15781
-0.109 1.16011
-0.108 1.16241
-0.107 1.16471
-0.106 1.167
-0.105 1.1693
-0.104 1.1716
-0.103 1.17389
-0.102 1.17619
-0.101 1.17848
-0.1 1.18078
-0.099 1.18307
-0.098 1.18537
-0.097 1.18766
-0.096 1.18995
-0.095 1.19225
-0.094 1.19454
-0.093 1.19683
-0.092 1.19912
-0.091 1.20141
-0.09 1.2037
-0.089 1.206
-0.088 1.20829
-0.087 1.21058
-0.086 1.21286
-0.085 1.21515
-0.084 1.21744
-0.083 1.21973
-0.082 1.22202
-0.081 1.22431
-0.08 1.22659
-0.079 1.22888
-0.078 1.23117
-0.077 1.23345
-0.076 1.23574
-0.075 1.23802
-0.074 1.24031
-0.073 1.24259
-0.072 1.24487
-0.071 1.24716
-0.07 1.24944
-0.069 1.25172
-0.068 1.25401
-0.067 1.25629
-0.066 1.25857
-0.065 1.26085
-0.064 1.26313
-0.063 1.26541
-0.062 1.26769
-0.061 1.26997
-0.06 1.27225
-0.059 1.27453
-0.058 1.27681
-0.057 1.27909
-0.056 1.28137
-0.055 1.28365
-0.054 1.28593
-0.053 1.2882
-0.052 1.29048
-0.051 1.29276
-0.05 1.29503
-0.049 1.29731
-0.048 1.29958
-0.047 1.30186
-0.046 1.30414
-0.045 1.30641
-0.044 1.30868
-0.043 1.31096
-0.042 1.31323
-0.041 1.31551
-0.04 1.31778
-0.039 1.32005
-0.038 1.32232
-0.037 1.3246
-0.036 1.32687
-0.035 1.32914
-0.034 1.33141
-0.033 1.33368
-0.032 1.33595
-0.031 1.33822
-0.03 1.34049
-0.029 1.34276
-0.028 1.34503
-0.027 1.3473
-0.026 1.34957
-0.025 1.35184
-0.024 1.35411
-0.023 1.35637
-0.022 1.35864
-0.021 1.36091
-0.02 1.36317
-0.019 1.36544
-0.018 1.36771
-0.017 1.36997
-0.016 1.37224
-0.015 1.3745
-0.014 1.37677
-0.013 1.37903
-0.012 1.38129
-0.011 1.38356
-0.01 1.38582
-0.009 1.38808
-0.008 1.39034
-0.007 1.3926
-0.006 1.39487
-0.005 1.39713
-0.004 1.39939
-0.003 1.40165
-0.002 1.40391
-0.001 1.40616
0 1.40842
0.001 1.41068
0.002 1.41294
0.003 1.4152
0.004 1.41745
0.005 1.41971
0.006 1.42197
0.007 1.42422
0.008 1.42648
0.009 1.42873
0.01 1.43099
0.011 1.43324
0.012 1.4355
0.013 1.43775
0.014 1.44
0.015 1.44226
0.016 1.44451
0.017 1.44676
0.018 1.44901
0.019 1.45126
0.02 1.45352
0.021 1.45577
0.022 1.45802
0.023 1.46027
0.024 1.46252
0.025 1.46476
0.026 1.46701
0.027 1.46926
0.028 1.47151
0.029 1.47376
0.03 1.476
0.031 1.47825
0.032 1.4805
0.033 1.48274
0.034 1.48499
0.035 1.48724
0.036 1.48948
0.037 1.49173
0.038 1.49397
0.039 1.49622
0.04 1.49846
0.041 1.5007
0.042 1.50295
0.043 1.50519
0.044 1.50743
0.045 1.50967
0.046 1.51192
0.047 1.51416
0.048 1.5164
0.049 1.51864
0.05 1.52088
0.051 1.52312
0.052 1.52536
0.053 1.5276
0.054 1.52984
0.055 1.53208
0.056 1.53432
0.057 1.53656
0.058 1.53879
0.059 1.54103
0.06 1.54327
0.061 1.5455
0.062 1.54774
0.063 1.54997
0.064 1.55221
0.065 1.55445
0.066 1.55668
0.067 1.55891
0.068 1.56115
0.069 1.56338
0.07 1.56561
0.071 1.56785
0.072 1.57008
0.073 1.57231
0.074 1.57454
0.075 1.57677
0.076 1.579
0.077 1.58123
0.078 1.58346
0.079 1.58569
0.08 1.58792
0.081 1.59015
0.082 1.59238
0.083 1.59461
0.084 1.59683
0.085 1.59906
0.086 1.60128
0.087 1.60351
0.088 1.60574
0.089 1.60796
0.09 1.61018
0.091 1.61241
0.092 1.61463
0.093 1.61685
0.094 1.61908
0.095 1.6213
0.096 1.62352
0.097 1.62574
0.098 1.62796
0.099 1.63018
0.1 1.6324
0.101 1.63462
0.102 1.63684
0.103 1.63906
0.104 1.64128
0.105 1.64349
0.106 1.64571
0.107 1.64793
0.108 1.65014
0.109 1.65236
0.11 1.65458
0.111 1.65679
0.112 1.659
0.113 1.66122
0.114 1.66343
0.115 1.66565
0.116 1.66786
0.117 1.67007
0.118 1.67228
0.119 1.6745
0.12 1.67671
0.121 1.67892
0.122 1.68113
0.123 1.68334
0.124 1.68555
0.125 1.68776
0.126 1.68997
0.127 1.69218
0.128 1.69439
0.129 1.6966
0.13 1.6988
0.131 1.70101
0.132 1.70322
0.133 1.70542
0.134 1.70763
0.135 1.70984
0.136 1.71204
0.137 1.71425
0.138 1.71645
0.139 1.71866
0.14 1.72086
0.141 1.72307
0.142 1.72527
0.143 1.72747
0.144 1.72967
0.145 1.73188
0.146 1.73408
0.147 1.73628
0.148 1.73848
0.149 1.74068
0.15 1.74288
0.151 1.74508
0.152 1.74728
0.153 1.74948
0.154 1.75168
0.155 1.75388
0.156 1.75608
0.157 1.75827
0.158 1.76047
0.159 1.76267
0.16 1.76486
0.161 1.76706
0.162 1.76925
0.163 1.77145
0.164 1.77364
0.165 1.77584
0.166 1.77803
0.167 1.78022
0.168 1.78242
0.169 1.78461
0.17 1.7868
0.171 1.78899
0.172 1.79118
0.173 1.79337
0.174 1.79556
0.175 1.79775
0.176 1.79994
0.177 1.80213
0.178 1.80432
0.179 1.8065
0.18 1.80869
0.181 1.81088
0.182 1.81306
0.183 1.81525
0.184 1.81744
0.185 1.81962
0.186 1.8218
0.187 1.82399
0.188 1.82617
0.189 1.82835
0.19 1.83054
0.191 1.83272
0.192 1.8349
0.193 1.83708
0.194 1.83926
0.195 1.84144
0.196 1.84362
0.197 1.8458
0.198 1.84798
0.199 1.85016
0.2 1.85234
0.201 1.85452
0.202 1.85669
0.203 1.85887
0.204 1.86105
0.205 1.86322
0.206 1.8654
0.207 1.86757
0.208 1.86975
0.209 1.87192
0.21 1.8741
0.211 1.87627
0.212 1.87844
0.213 1.88062
0.214 1.88279
0.215 1.88496
0.216 1.88713
0.217 1.88931
0.218 1.89148
0.219 1.89365
0.22 1.89582
0.221 1.89799
0.222 1.90016
0.223 1.90233
0.224 1.9045
0.225 1.90666
0.226 1.90883
0.227 1.911
0.228 1.91317
0.229 1.91533
0.23 1.9175
0.231 1.91967
0.232 1.92183
0.233 1.924
0.234 1.92616
0.235 1.92833
0.236 1.93049
0.237 1.93265
0.238 1.93482
0.239 1.93698
0.24 1.93914
0.241 1.94131
0.242 1.94347
0.243 1.94563
0.244 1.94779
0.245 1.94995
0.246 1.95211
0.247 1.95427
0.248 1.95643
0.249 1.95858
0.25 1.96074
0.251 1.9629
0.252 1.96505
0.253 1.96721
0.254 1.96937
0.255 1.97152
0.256 1.97368
0.257 1.97583
0.258 1.97798
0.259 1.98014
0.26 1.98229
0.261 1.98444
0.262 1.98659
0.263 1.98874
0.264 1.99089
0.265 1.99304
0.266 1.99519
0.267 1.99734
0.268 1.99949
0.269 2.00164
0.27 2.00378
0.271 2.00593
0.272 2.00808
0.273 2.01022
0.274 2.01237
0.275 2.01451
0.276 2.01666
0.277 2.0188
0.278 2.02094
0.279 2.02309
0.28 2.02523
0.281 2.02737
0.282 2.02951
0.283 2.03165
0.284 2.03379
0.285 2.03593
0.286 2.03807
0.287 2.04021
0.288 2.04235
0.289 2.04449
0.29 2.04662
0.291 2.04876
0.292 2.0509
0.293 2.05303
0.294 2.05517
0.295 2.0573
0.296 2.05944
0.297 2.06157
0.298 2.06371
0.299 2.06584
0.3 2.06797
0.301 2.07011
0.302 2.07224
0.303 2.07437
0.304 2.0765
0.305 2.07863
0.306 2.08076
0.307 2.0829
0.308 2.08502
0.309 2.08715
0.31 2.08928
0.311 2.09141
0.312 2.09354
0.313 2.09567
0.314 2.0978
0.315 2.09992
0.316 2.10205
0.317 2.10417
0.318 2.1063
0.319 2.10843
0.32 2.11055
0.321 2.11267
0.322 2.1148
0.323 2.11692
0.324 2.11905
0.325 2.12117
0.326 2.12329
0.327 2.12541
0.328 2.12753
0.329 2.12965
0.33 2.13177
0.331 2.13389
0.332 2.13601
0.333 2.13813
0.334 2.14025
0.335 2.14237
0.336 2.14449
0.337 2.1466
0.338 2.14872
0.339 2.15083
0.34 2.15295
0.341 2.15506
0.342 2.15718
0.343 2.15929
0.344 2.16141
0.345 2.16352
0.346 2.16563
0.347 2.16774
0.348 2.16985
0.349 2.17196
0.35 2.17407
0.351 2.17618
0.352 2.17829
0.353 2.1804
0.354 2.18251
0.355 2.18462
0.356 2.18672
0.357 2.18883
0.358 2.19093
0.359 2.19304
0.36 2.19514
0.361 2.19725
0.362 2.19935
0.363 2.20145
0.364 2.20356
0.365 2.20566
0.366 2.20776
0.367 2.20986
0.368 2.21196
0.369 2.21406
0.37 2.21616
0.371 2.21826
0.372 2.22036
0.373 2.22245
0.374 2.22455
0.375 2.22665
0.376 2.22874
0.377 2.23084
0.378 2.23294
0.379 2.23503
0.38 2.23713
0.381 2.23922
0.382 2.24131
0.383 2.24341
0.384 2.2455
0.385 2.24759
0.386 2.24968
0.387 2.25177
0.388 2.25387
0.389 2.25596
0.39 2.25805
0.391 2.26014
0.392 2.26222
0.393 2.26431
0.394 2.2664
0.395 2.26849
0.396 2.27058
0.397 2.27266
0.398 2.27475
0.399 2.27684
0.4 2.27892
0.401 2.28101
0.402 2.28309
0.403 2.28517
0.404 2.28726
0.405 2.28934
0.406 2.29142
0.407 2.29351
0.408 2.29559
0.409 2.29767
0.41 2.29975
0.411 2.30183
0.412 2.30391
0.413 2.30599
0.414 2.30807
0.415 2.31015
0.416 2.31222
0.417 2.3143
0.418 2.31638
0.419 2.31845
0.42 2.32053
0.421 2.3226
0.422 2.32468
0.423 2.32675
0.424 2.32883
0.425 2.3309
0.426 2.33297
0.427 2.33504
0.428 2.33712
0.429 2.33919
0.43 2.34126
0.431 2.34333
0.432 2.34539
0.433 2.34746
0.434 2.34953
0.435 2.3516
0.436 2.35366
0.437 2.35573
0.438 2.35779
0.439 2.35986
0.44 2.36192
0.441 2.36399
0.442 2.36605
0.443 2.36811
0.444 2.37017
0.445 2.37223
0.446 2.37429
0.447 2.37635
0.448 2.37841
0.449 2.38047
0.45 2.38253
0.451 2.38459
0.452 2.38664
0.453 2.3887
0.454 2.39075
0.455 2.39281
0.456 2.39486
0.457 2.39692
0.458 2.39897
0.459 2.40102
0.46 2.40308
0.461 2.40513
0.462 2.40718
0.463 2.40923
0.464 2.41128
0.465 2.41333
0.466 2.41538
0.467 2.41743
0.468 2.41947
0.469 2.42152
0.47 2.42357
0.471 2.42562
0.472 2.42766
0.473 2.42971
0.474 2.43175
0.475 2.4338
0.476 2.43584
0.477 2.43788
0.478 2.43993
0.479 2.44197
0.48 2.44401
0.481 2.44605
0.482 2.4481
0.483 2.45014
0.484 2.45218
0.485 2.45422
0.486 2.45626
0.487 2.4583
0.488 2.46033
0.489 2.46237
0.49 2.46441
0.491 2.46645
0.492 2.46848
0.493 2.47052
0.494 2.47256
0.495 2.47459
0.496 2.47663
0.497 2.47866
0.498 2.48069
0.499 2.48273
0.5 2.48476
0.501 2.48679
0.502 2.48882
0.503 2.49085
0.504 2.49288
0.505 2.49491
0.506 2.49694
0.507 2.49897
0.508 2.501
0.509 2.50303
0.51 2.50506
0.511 2.50708
0.512 2.50911
0.513 2.51113
0.514 2.51316
0.515 2.51518
0.516 2.51721
0.517 2.51923
0.518 2.52125
0.519 2.52327
0.52 2.52529
0.521 2.52731
0.522 2.52933
0.523 2.53135
0.524 2.53337
0.525 2.53539
0.526 2.53741
0.527 2.53942
0.528 2.54144
0.529 2.54346
0.53 2.54547
0.531 2.54748
0.532 2.5495
0.533 2.55151
0.534 2.55352
0.535 2.55553
0.536 2.55754
0.537 2.55955
0.538 2.56156
0.539 2.56357
0.54 2.56558
0.541 2.56759
0.542 2.56959
0.543 2.5716
0.544 2.57361
0.545 2.57561
0.546 2.57762
0.547 2.57962
0.548 2.58162
0.549 2.58363
0.55 2.58563
0.551 2.58763
0.552 2.58963
0.553 2.59163
0.554 2.59363
0.555 2.59563
0.556 2.59763
0.557 2.59963
0.558 2.60162
0.559 2.60362
0.56 2.60562
0.561 2.60761
0.562 2.60961
0.563 2.6116
0.564 2.6136
0.565 2.61559
0.566 2.61759
0.567 2.61958
0.568 2.62157
0.569 2.62356
0.57 2.62556
0.571 2.62755
0.572 2.62954
0.573 2.63153
0.574 2.63352
0.575 2.63551
0.576 2.63749
0.577 2.63948
0.578 2.64147
0.579 2.64346
0.58 2.64544
0.581 2.64743
0.582 2.64941
0.583 2.6514
0.584 2.65338
0.585 2.65537
0.586 2.65735
0.587 2.65933
0.588 2.66131
0.589 2.66329
0.59 2.66527
0.591 2.66725
0.592 2.66923
0.593 2.67121
0.594 2.67319
0.595 2.67517
0.596 2.67714
0.597 2.67912
0.598 2.68109
0.599 2.68307
0.6 2.68504
0.601 2.68701
0.602 2.68899
0.603 2.69096
0.604 2.69293
0.605 2.6949
0.606 2.69687
0.607 2.69884
0.608 2.70081
0.609 2.70277
0.61 2.70474
0.611 2.70671
0.612 2.70867
0.613 2.71064
0.614 2.7126
0.615 2.71456
0.616 2.71653
0.617 2.71849
0.618 2.72045
0.619 2.72241
0.62 2.72437
0.621 2.72633
0.622 2.72829
0.623 2.73025
0.624 2.7322
0.625 2.73416
0.626 2.73612
0.627 2.73807
0.628 2.74003
0.629 2.74198
0.63 2.74394
0.631 2.74589
0.632 2.74784
0.633 2.74979
0.634 2.75175
0.635 2.7537
0.636 2.75565
0.637 2.7576
0.638 2.75955
0.639 2.7615
0.64 2.76344
0.641 2.76539
0.642 2.76734
0.643 2.76929
0.644 2.77123
0.645 2.77318
0.646 2.77512
0.647 2.77707
0.648 2.77901
0.649 2.78096
0.65 2.7829
0.651 2.78484
0.652 2.78678
0.653 2.78872
0.654 2.79067
0.655 2.79261
0.656 2.79454
0.657 2.79648
0.658 2.79842
0.659 2.80036
0.66 2.80229
0.661 2.80423
0.662 2.80617
0.663 2.8081
0.664 2.81003
0.665 2.81197
0.666 2.8139
0.667 2.81583
0.668 2.81776
0.669 2.81969
0.67 2.82162
0.671 2.82355
0.672 2.82548
0.673 2.8274
0.674 2.82933
0.675 2.83125
0.676 2.83318
0.677 2.8351
0.678 2.83703
0.679 2.83895
0.68 2.84087
0.681 2.84279
0.682 2.84471
0.683 2.84663
0.684 2.84855
0.685 2.85047
0.686 2.85238
0.687 2.8543
0.688 2.85622
0.689 2.85813
0.69 2.86005
0.691 2.86196
0.692 2.86388
0.693 2.86579
0.694 2.8677
0.695 2.86962
0.696 2.87153
0.697 2.87344
0.698 2.87535
0.699 2.87726
0.7 2.87917
0.701 2.88108
0.702 2.88299
0.703 2.8849
0.704 2.88681
0.705 2.88871
0.706 2.89062
0.707 2.89253
0.708 2.89443
0.709 2.89634
0.71 2.89824
0.711 2.90014
0.712 2.90205
0.713 2.90395
0.714 2.90585
0.715 2.90775
0.716 2.90965
0.717 2.91155
0.718 2.91344
0.719 2.91534
0.72 2.91724
0.721 2.91913
0.722 2.92103
0.723 2.92292
0.724 2.92482
0.725 2.92671
0.726 2.9286
0.727 2.93049
0.728 2.93238
0.729 2.93427
0.73 2.93616
0.731 2.93805
0.732 2.93994
0.733 2.94183
0.734 2.94371
0.735 2.9456
0.736 2.94749
0.737 2.94937
0.738 2.95125
0.739 2.95314
0.74 2.95502
0.741 2.9569
0.742 2.95878
0.743 2.96066
0.744 2.96254
0.745 2.96442
0.746 2.9663
0.747 2.96818
0.748 2.97006
0.749 2.97193
0.75 2.97381
0.751 2.97568
0.752 2.97756
0.753 2.97943
0.754 2.98131
0.755 2.98318
0.756 2.98505
0.757 2.98692
0.758 2.98879
0.759 2.99066
0.76 2.99253
0.761 2.9944
0.762 2.99626
0.763 2.99813
0.764 2.99999
0.765 3.00186
0.766 3.00372
0.767 3.00559
0.768 3.00745
0.769 3.00931
0.77 3.01117
0.771 3.01303
0.772 3.01489
0.773 3.01675
0.774 3.01861
0.775 3.02046
0.776 3.02232
0.777 3.02418
0.778 3.02603
0.779 3.02788
0.78 3.02974
0.781 3.03159
0.782 3.03344
0.783 3.03529
0.784 3.03715
0.785 3.039
0.786 3.04085
0.787 3.04269
0.788 3.04454
0.789 3.04639
0.79 3.04824
0.791 3.05008
0.792 3.05193
0.793 3.05377
0.794 3.05562
0.795 3.05746
0.796 3.0593
0.797 3.06114
0.798 3.06298
0.799 3.06482
0.8 3.06666
0.801 3.0685
0.802 3.07034
0.803 3.07218
0.804 3.07401
0.805 3.07585
0.806 3.07768
0.807 3.07952
0.808 3.08135
0.809 3.08318
0.81 3.08501
0.811 3.08684
0.812 3.08867
0.813 3.0905
0.814 3.09233
0.815 3.09416
0.816 3.09598
0.817 3.09781
0.818 3.09963
0.819 3.10146
0.82 3.10328
0.821 3.1051
0.822 3.10693
0.823 3.10875
0.824 3.11057
0.825 3.11239
0.826 3.11421
0.827 3.11603
0.828 3.11784
0.829 3.11966
0.83 3.12148
0.831 3.12329
0.832 3.12511
0.833 3.12692
0.834 3.12874
0.835 3.13055
0.836 3.13236
0.837 3.13417
0.838 3.13598
0.839 3.13779
0.84 3.1396
0.841 3.14141
0.842 3.14321
0.843 3.14502
0.844 3.14683
0.845 3.14863
0.846 3.15043
0.847 3.15224
0.848 3.15404
0.849 3.15584
0.85 3.15764
0.851 3.15944
0.852 3.16124
0.853 3.16304
0.854 3.16483
0.855 3.16663
0.856 3.16843
0.857 3.17022
0.858 3.17201
0.859 3.17381
0.86 3.1756
0.861 3.17739
0.862 3.17918
0.863 3.18097
0.864 3.18276
0.865 3.18455
0.866 3.18634
0.867 3.18813
0.868 3.18991
0.869 3.1917
0.87 3.19348
0.871 3.19527
0.872 3.19705
0.873 3.19883
0.874 3.20061
0.875 3.20239
0.876 3.20417
0.877 3.20595
0.878 3.20773
0.879 3.20951
0.88 3.21129
0.881 3.21306
0.882 3.21484
0.883 3.21661
0.884 3.21839
0.885 3.22016
0.886 3.22193
0.887 3.2237
0.888 3.22547
0.889 3.22724
0.89 3.22901
0.891 3.23077
0.892 3.23254
0.893 3.23431
0.894 3.23607
0.895 3.23783
0.896 3.2396
0.897 3.24136
0.898 3.24312
0.899 3.24488
0.9 3.24664
0.901 3.2484
0.902 3.25016
0.903 3.25192
0.904 3.25367
0.905 3.25543
0.906 3.25719
0.907 3.25894
0.908 3.26069
0.909 3.26245
0.91 3.2642
0.911 3.26595
0.912 3.2677
0.913 3.26945
0.914 3.2712
0.915 3.27295
0.916 3.27469
0.917 3.27644
0.918 3.27818
0.919 3.27993
0.92 3.28167
0.921 3.28341
0.922 3.28515
0.923 3.2869
0.924 3.28863
0.925 3.29037
0.926 3.29211
0.927 3.29385
0.928 3.29558
0.929 3.29732
0.93 3.29905
0.931 3.30079
0.932 3.30252
0.933 3.30425
0.934 3.30598
0.935 3.30771
0.936 3.30944
0.937 3.31117
0.938 3.3129
0.939 3.31463
0.94 3.31636
0.941 3.31808
0.942 3.31981
0.943 3.32153
0.944 3.32325
0.945 3.32497
0.946 3.3267
0.947 3.32842
0.948 3.33013
0.949 3.33185
0.95 3.33357
0.951 3.33529
0.952 3.337
0.953 3.33872
0.954 3.34043
0.955 3.34214
0.956 3.34386
0.957 3.34557
0.958 3.34728
0.959 3.34899
0.96 3.35069
0.961 3.3524
0.962 3.35411
0.963 3.35581
0.964 3.35752
0.965 3.35922
0.966 3.36093
0.967 3.36263
0.968 3.36433
0.969 3.36603
0.97 3.36773
0.971 3.36943
0.972 3.37113
0.973 3.37283
0.974 3.37452
0.975 3.37622
0.976 3.37791
0.977 3.37961
0.978 3.3813
0.979 3.38299
0.98 3.38468
0.981 3.38637
0.982 3.38806
0.983 3.38975
0.984 3.39143
0.985 3.39312
0.986 3.3948
0.987 3.39649
0.988 3.39817
0.989 3.39985
0.99 3.40154
0.991 3.40322
0.992 3.4049
0.993 3.40657
0.994 3.40825
0.995 3.40993
0.996 3.4116
0.997 3.41328
0.998 3.41495
0.999 3.41663
1 3.4183
1.001 3.41997
1.002 3.42164
1.003 3.42331
1.004 3.42498
1.005 3.42665
1.006 3.42832
1.007 3.42998
1.008 3.43165
1.009 3.43331
1.01 3.43497
1.011 3.43664
1.012 3.4383
1.013 3.43996
1.014 3.44162
1.015 3.44327
1.016 3.44493
1.017 3.44659
1.018 3.44824
1.019 3.4499
1.02 3.45155
1.021 3.45321
1.022 3.45486
1.023 3.45651
1.024 3.45816
1.025 3.45981
1.026 3.46145
1.027 3.4631
1.028 3.46475
1.029 3.46639
1.03 3.46804
1.031 3.46968
1.032 3.47132
1.033 3.47297
1.034 3.47461
1.035 3.47625
1.036 3.47788
1.037 3.47952
1.038 3.48116
1.039 3.48279
1.04 3.48443
1.041 3.48606
1.042 3.48769
1.043 3.48932
1.044 3.49095
1.045 3.49258
1.046 3.49421
1.047 3.49584
1.048 3.49747
1.049 3.49909
1.05 3.50072
1.051 3.50234
1.052 3.50397
1.053 3.50559
1.054 3.50721
1.055 3.50883
1.056 3.51045
1.057 3.51207
1.058 3.51368
1.059 3.5153
1.06 3.51691
1.061 3.51853
1.062 3.52014
1.063 3.52175
1.064 3.52336
1.065 3.52497
1.066 3.52658
1.067 3.52819
1.068 3.5298
1.069 3.53141
1.07 3.53301
1.071 3.53461
1.072 3.53622
1.073 3.53782
1.074 3.53942
1.075 3.54102
1.076 3.54262
1.077 3.54422
1.078 3.54582
1.079 3.54741
1.08 3.54901
1.081 3.5506
1.082 3.5522
1.083 3.55379
1.084 3.55538
1.085 3.55697
1.086 3.55856
1.087 3.56015
1.088 3.56173
1.089 3.56332
1.09 3.5649
1.091 3.56649
1.092 3.56807
1.093 3.56965
1.094 3.57123
1.095 3.57281
1.096 3.57439
1.097 3.57597
1.098 3.57755
1.099 3.57912
1.1 3.5807
1.101 3.58227
1.102 3.58384
1.103 3.58542
1.104 3.58699
1.105 3.58856
1.106 3.59012
1.107 3.59169
1.108 3.59326
1.109 3.59482
1.11 3.59639
1.111 3.59795
1.112 3.59951
1.113 3.60107
1.114 3.60263
1.115 3.60419
1.116 3.60575
1.117 3.60731
1.118 3.60887
1.119 3.61042
1.12 3.61197
1.121 3.61353
1.122 3.61508
1.123 3.61663
1.124 3.61818
1.125 3.61973
1.126 3.62128
1.127 3.62282
1.128 3.62437
1.129 3.62591
1.13 3.62746
1.131 3.629
1.132 3.63054
1.133 3.63208
1.134 3.63362
1.135 3.63516
1.136 3.63669
1.137 3.63823
1.138 3.63976
1.139 3.6413
1.14 3.64283
1.141 3.64436
1.142 3.64589
1.143 3.64742
1.144 3.64895
1.145 3.65048
1.146 3.65201
1.147 3.65353
1.148 3.65506
1.149 3.65658
1.15 3.6581
1.151 3.65962
1.152 3.66114
1.153 3.66266
1.154 3.66418
1.155 3.66569
1.156 3.66721
1.157 3.66872
1.158 3.67024
1.159 3.67175
1.16 3.67326
1.161 3.67477
1.162 3.67628
1.163 3.67779
1.164 3.67929
1.165 3.6808
1.166 3.6823
1.167 3.68381
1.168 3.68531
1.169 3.68681
1.17 3.68831
1.171 3.68981
1.172 3.69131
1.173 3.6928
1.174 3.6943
1.175 3.69579
1.176 3.69729
1.177 3.69878
1.178 3.70027
1.179 3.70176
1.18 3.70325
1.181 3.70474
1.182 3.70622
1.183 3.70771
1.184 3.70919
1.185 3.71068
1.186 3.71216
1.187 3.71364
1.188 3.71512
1.189 3.7166
1.19 3.71808
1.191 3.71955
1.192 3.72103
1.193 3.7225
1.194 3.72398
1.195 3.72545
1.196 3.72692
1.197 3.72839
1.198 3.72986
1.199 3.73132
1.2 3.73279
1.201 3.73426
1.202 3.73572
1.203 3.73718
1.204 3.73864
1.205 3.7401
1.206 3.74156
1.207 3.74302
1.208 3.74448
1.209 3.74594
1.21 3.74739
1.211 3.74885
1.212 3.7503
1.213 3.75175
1.214 3.7532
1.215 3.75465
1.216 3.7561
1.217 3.75754
1.218 3.75899
1.219 3.76043
1.22 3.76188
1.221 3.76332
1.222 3.76476
1.223 3.7662
1.224 3.76764
1.225 3.76907
1.226 3.77051
1.227 3.77195
1.228 3.77338
1.229 3.77481
1.23 3.77624
1.231 3.77768
1.232 3.77911
1.233 3.78053
1.234 3.78196
1.235 3.78339
1.236 3.78481
1.237 3.78623
1.238 3.78766
1.239 3.78908
1.24 3.7905
1.241 3.79192
1.242 3.79333
1.243 3.79475
1.244 3.79616
1.245 3.79758
1.246 3.79899
1.247 3.8004
1.248 3.80181
1.249 3.80322
1.25 3.80463
1.251 3.80603
1.252 3.80744
1.253 3.80884
1.254 3.81025
1.255 3.81165
1.256 3.81305
1.257 3.81445
1.258 3.81585
1.259 3.81725
1.26 3.81864
1.261 3.82004
1.262 3.82143
1.263 3.82282
1.264 3.82421
1.265 3.8256
1.266 3.82699
1.267 3.82838
1.268 3.82977
1.269 3.83115
1.27 3.83253
1.271 3.83392
1.272 3.8353
1.273 3.83668
1.274 3.83806
1.275 3.83943
1.276 3.84081
1.277 3.84218
1.278 3.84356
1.279 3.84493
1.28 3.8463
1.281 3.84767
1.282 3.84904
1.283 3.85041
1.284 3.85177
1.285 3.85314
1.286 3.8545
1.287 3.85587
1.288 3.85723
1.289 3.85859
1.29 3.85995
1.291 3.86131
1.292 3.86266
1.293 3.86402
1.294 3.86537
1.295 3.86673
1.296 3.86808
1.297 3.86943
1.298 3.87078
1.299 3.87213
1.3 3.87347
1.301 3.87482
1.302 3.87616
1.303 3.87751
1.304 3.87885
1.305 3.88019
1.306 3.88153
1.307 3.88286
1.308 3.8842
1.309 3.88554
1.31 3.88687
1.311 3.8882
1.312 3.88953
1.313 3.89086
1.314 3.89219
1.315 3.89352
1.316 3.89484
1.317 3.89617
1.318 3.89749
1.319 3.89882
1.32 3.90014
1.321 3.90146
1.322 3.90277
1.323 3.90409
1.324 3.90541
1.325 3.90672
1.326 3.90804
1.327 3.90935
1.328 3.91066
1.329 3.91197
1.33 3.91328
1.331 3.91459
1.332 3.91589
1.333 3.9172
1.334 3.9185
1.335 3.91981
1.336 3.92111
1.337 3.92241
1.338 3.9237
1.339 3.925
1.34 3.9263
1.341 3.92759
1.342 3.92889
1.343 3.93018
1.344 3.93147
1.345 3.93276
1.346 3.93404
1.347 3.93533
1.348 3.93662
1.349 3.9379
1.35 3.93918
1.351 3.94046
1.352 3.94174
1.353 3.94302
1.354 3.9443
1.355 3.94557
1.356 3.94685
1.357 3.94812
1.358 3.94939
1.359 3.95066
1.36 3.95193
1.361 3.9532
1.362 3.95447
1.363 3.95573
1.364 3.95699
1.365 3.95826
1.366 3.95952
1.367 3.96078
1.368 3.96204
1.369 3.96329
1.37 3.96455
1.371 3.9658
1.372 3.96706
1.373 3.96831
1.374 3.96956
1.375 3.97081
1.376 3.97206
1.377 3.9733
1.378 3.97455
1.379 3.97579
1.38 3.97704
1.381 3.97828
1.382 3.97952
1.383 3.98076
1.384 3.982
1.385 3.98323
1.386 3.98447
1.387 3.9857
1.388 3.98693
1.389 3.98816
1.39 3.98939
1.391 3.99062
1.392 3.99185
1.393 3.99307
1.394 3.9943
1.395 3.99552
1.396 3.99674
1.397 3.99796
1.398 3.99918
1.399 4.0004
1.4 4.00162
1.401 4.00283
1.402 4.00405
1.403 4.00526
1.404 4.00647
1.405 4.00768
1.406 4.00889
1.407 4.01009
1.408 4.0113
1.409 4.0125
1.41 4.01371
1.411 4.01491
1.412 4.01611
1.413 4.01731
1.414 4.0185
1.415 4.0197
1.416 4.02089
1.417 4.02209
1.418 4.02328
1.419 4.02447
1.42 4.02566
1.421 4.02684
1.422 4.02803
1.423 4.02921
1.424 4.0304
1.425 4.03158
1.426 4.03276
1.427 4.03394
1.428 4.03512
1.429 4.03629
1.43 4.03747
1.431 4.03864
1.432 4.03981
1.433 4.04099
1.434 4.04215
1.435 4.04332
1.436 4.04449
1.437 4.04565
1.438 4.04682
1.439 4.04798
1.44 4.04914
1.441 4.0503
1.442 4.05146
1.443 4.05262
1.444 4.05377
1.445 4.05493
1.446 4.05608
1.447 4.05723
1.448 4.05838
1.449 4.05953
1.45 4.06067
1.451 4.06182
1.452 4.06296
1.453 4.06411
1.454 4.06525
1.455 4.06639
1.456 4.06753
1.457 4.06866
1.458 4.0698
1.459 4.07093
1.46 4.07207
1.461 4.0732
1.462 4.07433
1.463 4.07546
1.464 4.07659
1.465 4.07771
1.466 4.07884
1.467 4.07996
1.468 4.08108
1.469 4.0822
1.47 4.08332
1.471 4.08444
1.472 4.08555
1.473 4.08667
1.474 4.08778
1.475 4.08889
1.476 4.09
1.477 4.09111
1.478 4.09222
1.479 4.09333
1.48 4.09443
1.481 4.09553
1.482 4.09664
1.483 4.09774
1.484 4.09883
1.485 4.09993
1.486 4.10103
1.487 4.10212
1.488 4.10322
1.489 4.10431
1.49 4.1054
1.491 4.10649
1.492 4.10757
1.493 4.10866
1.494 4.10974
1.495 4.11082
1.496 4.11191
1.497 4.11299
1.498 4.11406
1.499 4.11514
1.5 4.11622
1.501 4.11729
1.502 4.11836
1.503 4.11943
1.504 4.1205
1.505 4.12157
1.506 4.12264
1.507 4.1237
1.508 4.12477
1.509 4.12583
1.51 4.12689
1.511 4.12795
1.512 4.12901
1.513 4.13006
1.514 4.13112
1.515 4.13217
1.516 4.13322
1.517 4.13427
1.518 4.13532
1.519 4.13637
1.52 4.13742
1.521 4.13846
1.522 4.13951
1.523 4.14055
1.524 4.14159
1.525 4.14263
1.526 4.14367
1.527 4.1447
1.528 4.14574
1.529 4.14677
1.53 4.1478
1.531 4.14883
1.532 4.14986
1.533 4.15089
1.534 4.15192
1.535 4.15294
1.536 4.15397
1.537 4.15499
1.538 4.15601
1.539 4.15703
1.54 4.15804
1.541 4.15906
1.542 4.16007
1.543 4.16109
1.544 4.1621
1.545 4.16311
1.546 4.16411
1.547 4.16512
1.548 4.16613
1.549 4.16713
1.55 4.16813
1.551 4.16913
1.552 4.17013
1.553 4.17113
1.554 4.17213
1.555 4.17312
1.556 4.17411
1.557 4.17511
1.558 4.1761
1.559 4.17709
1.56 4.17807
1.561 4.17906
1.562 4.18004
1.563 4.18103
1.564 4.18201
1.565 4.18299
1.566 4.18397
1.567 4.18495
1.568 4.18592
1.569 4.1869
1.57 4.18787
1.571 4.18884
1.572 4.18981
1.573 4.19078
1.574 4.19175
1.575 4.19271
1.576 4.19367
1.577 4.19464
1.578 4.1956
1.579 4.19656
1.58 4.19751
1.581 4.19847
1.582 4.19942
1.583 4.20038
1.584 4.20133
1.585 4.20228
1.586 4.20323
1.587 4.20417
1.588 4.20512
1.589 4.20607
1.59 4.20701
1.591 4.20795
1.592 4.20889
1.593 4.20983
1.594 4.21077
1.595 4.2117
1.596 4.21264
1.597 4.21357
1.598 4.2145
1.599 4.21543
1.6 4.21635
1.601 4.21728
1.602 4.21821
1.603 4.21913
1.604 4.22005
1.605 4.22097
1.606 4.22189
1.607 4.22281
1.608 4.22372
1.609 4.22464
1.61 4.22555
1.611 4.22646
1.612 4.22737
1.613 4.22828
1.614 4.22919
1.615 4.23009
1.616 4.231
1.617 4.2319
1.618 4.2328
1.619 4.2337
1.62 4.23459
1.621 4.23549
1.622 4.23639
1.623 4.23728
1.624 4.23817
1.625 4.23906
1.626 4.23995
1.627 4.24084
1.628 4.24172
1.629 4.24261
1.63 4.24349
1.631 4.24437
1.632 4.24525
1.633 4.24613
1.634 4.24701
1.635 4.24788
1.636 4.24875
1.637 4.24963
1.638 4.2505
1.639 4.25136
1.64 4.25223
1.641 4.2531
1.642 4.25396
1.643 4.25482
1.644 4.25568
1.645 4.25654
1.646 4.2574
1.647 4.25826
1.648 4.25912
1.649 4.25997
1.65 4.26082
1.651 4.26167
1.652 4.26252
1.653 4.26337
1.654 4.26422
1.655 4.26506
1.656 4.26591
1.657 4.26675
1.658 4.26759
1.659 4.26843
1.66 4.26926
1.661 4.2701
1.662 4.27093
1.663 4.27177
1.664 4.2726
1.665 4.27343
1.666 4.27425
1.667 4.27508
1.668 4.2759
1.669 4.27673
1.67 4.27755
1.671 4.27837
1.672 4.27919
1.673 4.28
1.674 4.28082
1.675 4.28163
1.676 4.28245
1.677 4.28326
1.678 4.28407
1.679 4.28488
1.68 4.28568
1.681 4.28649
1.682 4.28729
1.683 4.28809
1.684 4.2889
1.685 4.2897
1.686 4.29049
1.687 4.29129
1.688 4.29208
1.689 4.29288
1.69 4.29367
1.691 4.29446
1.692 4.29525
1.693 4.29604
1.694 4.29682
1.695 4.29761
1.696 4.29839
1.697 4.29917
1.698 4.29995
1.699 4.30073
1.7 4.3015
1.701 4.30228
1.702 4.30305
1.703 4.30382
1.704 4.30459
1.705 4.30536
1.706 4.30613
1.707 4.30689
1.708 4.30765
1.709 4.30842
1.71 4.30918
1.711 4.30994
1.712 4.31069
1.713 4.31145
1.714 4.3122
1.715 4.31296
1.716 4.31371
1.717 4.31446
1.718 4.3152
1.719 4.31595
1.72 4.3167
1.721 4.31744
1.722 4.31818
1.723 4.31892
1.724 4.31966
1.725 4.3204
1.726 4.32113
1.727 4.32187
1.728 4.3226
1.729 4.32333
1.73 4.32406
1.731 4.32479
1.732 4.32552
1.733 4.32624
1.734 4.32697
1.735 4.32769
1.736 4.32841
1.737 4.32913
1.738 4.32985
1.739 4.33056
1.74 4.33128
1.741 4.33199
1.742 4.3327
1.743 4.33341
1.744 4.33412
1.745 4.33483
1.746 4.33553
1.747 4.33624
1.748 4.33694
1.749 4.33764
1.75 4.33834
1.751 4.33904
1.752 4.33974
1.753 4.34043
1.754 4.34112
1.755 4.34182
1.756 4.34251
1.757 4.34319
1.758 4.34388
1.759 4.34457
1.76 4.34525
1.761 4.34593
1.762 4.34662
1.763 4.34729
1.764 4.34797
1.765 4.34865
1.766 4.34932
1.767 4.35
1.768 4.35067
1.769 4.35134
1.77 4.35201
1.771 4.35268
1.772 4.35334
1.773 4.35401
1.774 4.35467
1.775 4.35533
1.776 4.35599
1.777 4.35665
1.778 4.35731
1.779 4.35796
1.78 4.35862
1.781 4.35927
1.782 4.35992
1.783 4.36057
1.784 4.36122
1.785 4.36186
1.786 4.36251
1.787 4.36315
1.788 4.36379
1.789 4.36443
1.79 4.36507
1.791 4.36571
1.792 4.36634
1.793 4.36698
1.794 4.36761
1.795 4.36824
1.796 4.36887
1.797 4.3695
1.798 4.37012
1.799 4.37075
1.8 4.37137
1.801 4.37199
1.802 4.37261
1.803 4.37323
1.804 4.37385
1.805 4.37446
1.806 4.37507
1.807 4.37569
1.808 4.3763
1.809 4.37691
1.81 4.37751
1.811 4.37812
1.812 4.37872
1.813 4.37933
1.814 4.37993
1.815 4.38053
1.816 4.38112
1.817 4.38172
1.818 4.38232
1.819 4.38291
1.82 4.3835
1.821 4.38409
1.822 4.38468
1.823 4.38527
1.824 4.38586
1.825 4.38644
1.826 4.38702
1.827 4.3876
1.828 4.38818
1.829 4.38876
1.83 4.38934
1.831 4.38991
1.832 4.39048
1.833 4.39106
1.834 4.39163
1.835 4.39219
1.836 4.39276
1.837 4.39333
1.838 4.39389
1.839 4.39445
1.84 4.39501
1.841 4.39557
1.842 4.39613
1.843 4.39669
1.844 4.39724
1.845 4.3978
1.846 4.39835
1.847 4.3989
1.848 4.39944
1.849 4.39999
1.85 4.40054
1.851 4.40108
1.852 4.40162
1.853 4.40216
1.854 4.4027
1.855 4.40324
1.856 4.40377
1.857 4.40431
1.858 4.40484
1.859 4.40537
1.86 4.4059
1.861 4.40643
1.862 4.40695
1.863 4.40748
1.864 4.408
1.865 4.40852
1.866 4.40904
1.867 4.40956
1.868 4.41008
1.869 4.41059
1.87 4.41111
1.871 4.41162
1.872 4.41213
1.873 4.41264
1.874 4.41315
1.875 4.41365
1.876 4.41416
1.877 4.41466
1.878 4.41516
1.879 4.41566
1.88 4.41615
1.881 4.41665
1.882 4.41714
1.883 4.41764
1.884 4.41813
1.885 4.41862
1.886 4.4191
1.887 4.41959
1.888 4.42007
1.889 4.42056
1.89 4.42104
1.891 4.42152
1.892 4.422
1.893 4.42247
1.894 4.42295
1.895 4.42342
1.896 4.42389
1.897 4.42436
1.898 4.42483
1.899 4.4253
1.9 4.42576
1.901 4.42623
1.902 4.42669
1.903 4.42715
1.904 4.42761
1.905 4.42806
1.906 4.42852
1.907 4.42897
1.908 4.42943
1.909 4.42988
1.91 4.43032
1.911 4.43077
1.912 4.43122
1.913 4.43166
1.914 4.4321
1.915 4.43254
1.916 4.43298
1.917 4.43342
1.918 4.43386
1.919 4.43429
1.92 4.43472
1.921 4.43515
1.922 4.43558
1.923 4.43601
1.924 4.43644
1.925 4.43686
1.926 4.43728
1.927 4.4377
1.928 4.43812
1.929 4.43854
1.93 4.43896
1.931 4.43937
1.932 4.43978
1.933 4.44019
1.934 4.4406
1.935 4.44101
1.936 4.44141
1.937 4.44182
1.938 4.44222
1.939 4.44262
1.94 4.44302
1.941 4.44341
1.942 4.44381
1.943 4.4442
1.944 4.44459
1.945 4.44498
1.946 4.44537
1.947 4.44576
1.948 4.44614
1.949 4.44653
1.95 4.44691
1.951 4.44729
1.952 4.44767
1.953 4.44804
1.954 4.44842
1.955 4.44879
1.956 4.44916
1.957 4.44953
1.958 4.4499
1.959 4.45027
1.96 4.45063
1.961 4.45099
1.962 4.45135
1.963 4.45171
1.964 4.45207
1.965 4.45243
1.966 4.45278
1.967 4.45313
1.968 4.45348
1.969 4.45383
1.97 4.45418
1.971 4.45452
1.972 4.45486
1.973 4.4552
1.974 4.45554
1.975 4.45588
1.976 4.45622
1.977 4.45655
1.978 4.45688
1.979 4.45721
1.98 4.45754
1.981 4.45787
1.982 4.45819
1.983 4.45852
1.984 4.45884
1.985 4.45916
1.986 4.45947
1.987 4.45979
1.988 4.4601
1.989 4.46042
1.99 4.46073
1.991 4.46103
1.992 4.46134
1.993 4.46164
1.994 4.46195
1.995 4.46225
1.996 4.46255
1.997 4.46284
1.998 4.46314
1.999 4.46343
2 4.46372
